2.408872 0
2.408872 0
2.408872 0
2.052722 0
2.052722 0
2.052722 0
2.052722 0
2.052722 0
2.052722 0
2.052722 0
2.052722 0
1.788575 0
1.788575 0
1.788575 0
1.788575 0
1.788575 0
1.788575 0
1.788575 0
1.788575 0
1.788575 0
1.788575 0
1.788575 0
1.788575 0
1.788575 0
1.788575 0
1.788575 0
1.733051 0
1.7128 0
1.704859 0
1.655108 0
1.635457 0
1.629088 0
1.628366 0
1.619362 0
1.592995 0
1.589343 0
1.548333 0
1.533668 0
1.523641 0
1.521206 0
1.512081 0
1.506139 0
1.50276 0
1.467967 0
1.463224 0
1.451811 0
1.388662 0
1.379991 0
1.378738 0
1.369011 0
1.3656 0
1.363121 0
1.352138 0
1.345982 0
1.337576 0
1.291397 0
1.240833 0
1.227544 0
1.221511 0
1.199526 0
1.190173 0
1.190158 0
1.180996 0
1.167486 0
1.151268 0
1.151268 0
1.151268 0
1.151268 0
1.151268 0
1.151268 0
1.151268 0
1.124274 0
1.11669 0
1.108209 0
1.107411 0
1.082849 0
1.082315 0
1.036007 0
1.01199 0
1.010642 0
1.010369 0
1.007022 0
0.972026 0
0.971902 0
0.969448 0
0.959612 0
0.943159 0
0.930913 0
0.925182 0
0.911648 0
0.910926 0
0.905678 0
0.903225 0
0.896707 0
0.890189 0
0.888759 0
0.888556 0
0.887965 0
0.887491 0
0.886279 0
0.886279 0
0.8839 0
0.880545 0
0.880418 0
0.872423 0
0.872423 0
0.872423 0
0.872423 0
0.872423 0
0.872423 0
0.872423 0
0.870976 0
0.868057 0
0.853293 0
0.849774 0
0.845296 0
0.836346 0
0.832393 0
0.829182 0
0.820537 0
0.813862 0
0.810063 0
0.791544 0
0.775847 0
0.775847 0
0.774976 0
0.774725 0
0.772867 0
0.769575 0
0.769575 0
0.769575 0
0.766067 0
0.766007 0
0.760988 0
0.752976 0
0.748336 0
0.744953 0
0.738694 0
0.734888 0
0.730483 0
0.729731 0
0.72805 0
0.72805 0
0.723906 0
0.723902 0
0.720298 0
0.715484 0
0.714452 0
0.714452 0
0.710474 0
0.706937 0
0.705178 0
0.703831 0
0.690481 0
0.686563 0
0.674738 0
0.673124 0
0.673048 0
0.66866 0
0.662006 0
0.658789 0
0.655313 0
0.652994 0
0.636246 0
0.628363 0
0.627433 0
0.619817 0
0.617204 0
0.617204 0
0.617204 0
0.617204 0
0.617204 0
0.617204 0
0.617204 0
0.617204 0
0.617204 0
0.617204 0
0.617204 0
0.617204 0
0.613096 0
0.610439 0
0.609532 0
0.597673 0
0.589976 0
0.583543 0
0.582303 0
0.582016 0
0.580893 0
0.579686 0
0.576387 0
0.575791 0
0.569846 0
0.566844 0
0.565186 0
0.563798 0
0.563322 0
0.561505 0
0.560887 0
0.560172 0
0.55941 0
0.55303 0
0.552515 0
0.550862 0
0.550815 0
0.54987 0
0.5498 0
0.547155 0
0.545771 0
0.545008 0
0.537235 0
0.533499 0
0.530203 0
0.526618 1
0.525855 0
0.525544 0
0.522671 0
0.515546 0
0.507932 0
0.505851 0
0.504959 1
0.499592 0
0.495645 0
0.495262 0
0.492437 0
0.491226 0
0.489696 0
0.48434 0
0.48334 0
0.483222 0
0.482506 0
0.482079 0
0.481307 0
0.480726 0
0.47771 0
0.476867 0
0.476625 0
0.473741 0
0.472077 0
0.470697 0
0.46927 0
0.46787 0
0.467242 0
0.466545 0
0.465707 0
0.461695 0
0.460089 0
0.455479 0
0.454899 0
0.45149 0
0.451083 0
0.44938 0
0.449108 0
0.444013 0
0.442049 0
0.441091 0
0.440287 0
0.439884 0
0.438882 0
0.437808 0
0.434835 0
0.434797 0
0.434228 0
0.433451 0
0.432858 0
0.422719 0
0.419766 0
0.418154 0
0.417485 0
0.416208 0
0.416089 0
0.408323 0
0.407549 0
0.406968 0
0.405987 0
0.405334 0
0.404461 0
0.402822 0
0.39974 0
0.396036 0
0.395277 0
0.391779 0
0.390152 0
0.388714 0
0.387666 0
0.386985 0
0.384224 0
0.382482 0
0.382115 0
0.382115 0
0.381176 0
0.378633 0
0.378204 0
0.375604 0
0.375149 0
0.375145 0
0.373732 0
0.37361 0
0.372149 0
0.368557 0
0.367157 0
0.366997 0
0.359553 0
0.357663 0
0.355432 0
0.355138 0
0.353843 0
0.349332 0
0.346773 0
0.346651 0
0.336741 0
0.336643 0
0.335464 0
0.333302 0
0.332958 0
0.325579 0
0.325067 0
0.323545 0
0.323391 0
0.317941 0
0.317457 0
0.314044 0
0.312279 0
0.310351 0
0.309014 0
0.308122 0
0.308122 0
0.308122 0
0.308122 0
0.308122 0
0.308122 0
0.308122 0
0.308122 0
0.308122 0
0.308122 0
0.306192 0
0.305931 0
0.302099 1
0.295602 0
0.292713 1
0.292358 0
0.291557 0
0.291114 0
0.290728 0
0.289381 0
0.289034 0
0.287911 0
0.286495 0
0.285997 0
0.285639 0
0.28218 0
0.278544 0
0.276294 0
0.274837 0
0.274415 0
0.273665 0
0.272991 0
0.270718 0
0.269097 0
0.269023 0
0.268711 0
0.267233 0
0.266137 0
0.266051 0
0.265792 0
0.264596 0
0.263765 0
0.263548 0
0.263152 0
0.260027 0
0.258457 0
0.256593 0
0.256428 0
0.25639 0
0.254903 0
0.2544 0
0.252465 0
0.247928 0
0.246549 0
0.246513 0
0.245456 0
0.240919 0
0.240725 0
0.240006 0
0.240006 0
0.240006 0
0.240006 0
0.237736 0
0.234927 0
0.234391 0
0.234376 0
0.233149 0
0.232663 0
0.226428 0
0.225659 0
0.218628 1
0.21732 0
0.210506 0
0.209608 0
0.208109 0
0.207646 0
0.207204 0
0.206368 0
0.202484 0
0.2015 0
0.200561 0
0.199936 0
0.198452 0
0.196954 0
0.196941 0
0.19587 0
0.195508 0
0.195383 0
0.195092 0
0.191989 0
0.186799 0
0.18459 0
0.182125 0
0.179636 0
0.179119 0
0.178443 0
0.162489 0
0.16063 0
0.16063 0
0.16063 1
0.16063 1
0.16063 1
0.16063 1
0.16063 1
0.16063 1
0.16063 1
0.16063 1
0.16063 1
0.16063 1
0.15941 0
0.156408 0
0.155198 0
0.153199 0
0.152765 0
0.149557 0
0.149557 0
0.134392 0
0.09236 0
0.092031 0
0.082412 0
0.073796 0
0.046348 1
0.046348 1
0.046348 1
0.046348 1
0.046348 1
0.046348 1
0.046348 1
0.046348 1
0.046348 1
0.046348 1
0.046348 1
0.046348 1
0.043817 0
0.043817 0
0.043817 0
0.043817 0
0.043817 0
0.043817 0
0.043817 0
0.043817 0
0.019407 0
0.015237 0
0.01479 0
0.013076 0
0.013076 0
0.013076 0
0.013076 0
0.013076 0
0.013076 0
0.013076 0
0.013076 0
0.013076 0
0.013076 0
0.013076 0
0.013076 0
0.013076 0
0.013076 0
0.013076 0
1.11E-4 0
-7.78E-4 0
-0.012083 0
-0.012083 0
-0.012083 0
-0.012083 0
-0.012083 0
-0.012083 0
-0.012083 0
-0.012083 0
-0.014015 0
-0.015997 1
-0.015997 1
-0.015997 1
-0.015997 1
-0.015997 1
-0.015997 1
-0.015997 1
-0.015997 1
-0.015997 1
-0.015997 1
-0.015997 1
-0.015997 1
-0.023372 0
-0.030378 0
-0.031217 0
-0.048062 0
-0.048852 1
-0.049459 0
-0.052439 0
-0.064764 0
-0.074411 0
-0.093642 0
-0.099413 0
-0.104116 0
-0.104891 0
-0.106033 0
-0.108106 0
-0.117217 0
-0.123165 0
-0.143053 0
-0.143745 0
-0.143745 0
-0.143745 0
-0.143745 0
-0.143745 0
-0.143745 0
-0.143745 0
-0.143745 0
-0.143745 0
-0.143745 0
-0.143745 0
-0.143745 0
-0.143745 0
-0.143745 0
-0.143745 0
-0.144298 0
-0.144703 0
-0.147835 0
-0.154487 1
-0.157642 0
-0.157642 0
-0.157642 0
-0.159415 0
-0.161978 0
-0.162314 0
-0.163151 1
-0.181774 0
-0.181774 0
-0.181774 0
-0.181774 0
-0.181774 0
-0.181774 0
-0.181774 0
-0.181774 0
-0.181774 0
-0.181774 0
-0.181774 0
-0.181774 0
-0.181774 0
-0.181774 0
-0.181774 0
-0.182794 0
-0.18734 0
-0.194436 1
-0.196146 0
-0.203439 0
-0.203541 0
-0.204906 0
-0.205646 1
-0.205665 0
-0.208459 0
-0.208459 0
-0.208459 0
-0.208459 0
-0.212998 0
-0.214897 0
-0.215278 0
-0.222666 0
-0.223561 0
-0.22532 0
-0.226892 0
-0.234864 0
-0.235032 0
-0.236525 1
-0.242172 0
-0.246294 0
-0.253491 0
-0.253669 0
-0.254989 0
-0.255281 1
-0.261695 0
-0.26594 0
-0.266183 0
-0.269696 0
-0.270213 0
-0.276325 0
-0.277274 0
-0.284838 0
-0.288431 0
-0.289482 0
-0.297515 0
-0.297515 0
-0.297515 0
-0.297515 0
-0.297515 0
-0.297515 0
-0.297515 0
-0.297515 0
-0.297515 0
-0.297515 0
-0.297515 0
-0.297515 0
-0.30199 0
-0.305931 0
-0.308965 0
-0.316336 0
-0.316658 0
-0.317842 0
-0.318035 0
-0.319512 0
-0.32095 0
-0.32095 0
-0.32095 0
-0.32095 1
-0.32095 1
-0.32095 1
-0.32095 1
-0.32095 1
-0.324178 0
-0.32966 0
-0.32966 0
-0.32966 0
-0.32966 0
-0.330088 0
-0.334865 0
-0.336553 0
-0.338119 0
-0.346851 0
-0.347892 0
-0.34834 0
-0.354835 0
-0.354835 0
-0.354835 0
-0.361595 0
-0.364183 0
-0.366185 0
-0.366616 0
-0.366616 0
-0.366616 0
-0.366616 0
-0.366616 0
-0.366616 0
-0.366616 0
-0.366616 0
-0.366616 0
-0.366616 0
-0.366616 0
-0.366616 0
-0.366616 1
-0.366616 1
-0.366616 1
-0.36774 0
-0.374843 0
-0.375548 0
-0.37775 0
-0.379491 0
-0.380231 0
-0.381454 0
-0.383962 0
-0.38553 0
-0.38553 1
-0.38553 1
-0.38553 1
-0.38553 1
-0.38553 1
-0.38553 1
-0.386898 0
-0.388274 0
-0.390633 0
-0.391423 0
-0.391552 0
-0.395277 0
-0.395277 0
-0.395277 0
-0.395277 0
-0.395277 0
-0.395277 0
-0.395277 0
-0.400416 0
-0.403545 0
-0.403968 0
-0.405564 0
-0.406084 1
-0.407622 0
-0.409189 0
-0.409661 0
-0.409872 0
-0.411 1
-0.414189 0
-0.416085 0
-0.417472 0
-0.41813 0
-0.41909 0
-0.419335 1
-0.419757 0
-0.420962 0
-0.42102 0
-0.421594 0
-0.421779 0
-0.426108 0
-0.427885 0
-0.427885 0
-0.427885 0
-0.427885 0
-0.427885 0
-0.427885 0
-0.427885 0
-0.427885 0
-0.42829 0
-0.429129 0
-0.433828 0
-0.433834 0
-0.434504 0
-0.434504 0
-0.434504 0
-0.436099 0
-0.436099 0
-0.436099 0
-0.436099 0
-0.436099 0
-0.436099 0
-0.436099 0
-0.43709 0
-0.438399 0
-0.439555 0
-0.440946 0
-0.442184 0
-0.44407 0
-0.445766 0
-0.445827 0
-0.446142 0
-0.447962 0
-0.449553 0
-0.449823 0
-0.450326 0
-0.452479 0
-0.453581 0
-0.453581 0
-0.453581 0
-0.453581 0
-0.453581 0
-0.453581 0
-0.453581 0
-0.453581 0
-0.453718 0
-0.45384 0
-0.457557 0
-0.458667 0
-0.461017 1
-0.461249 0
-0.4615 0
-0.462406 0
-0.46306 0
-0.463959 0
-0.469825 0
-0.470905 0
-0.471191 0
-0.471544 0
-0.474568 0
-0.475281 0
-0.477084 0
-0.480094 0
-0.483109 0
-0.483127 0
-0.483836 0
-0.487504 0
-0.489148 0
-0.489859 0
-0.497637 0
-0.49825 0
-0.498988 0
-0.499034 0
-0.5009 0
-0.501592 0
-0.508454 0
-0.512568 0
-0.51285 0
-0.513648 0
-0.514224 0
-0.514254 0
-0.514716 0
-0.514932 0
-0.518032 0
-0.519814 0
-0.51999 0
-0.520558 0
-0.520558 0
-0.520558 0
-0.520558 0
-0.520558 0
-0.520558 0
-0.520558 0
-0.521675 0
-0.526058 1
-0.526983 0
-0.527059 1
-0.52839 0
-0.528479 0
-0.529828 0
-0.530957 0
-0.531092 0
-0.531774 0
-0.531774 0
-0.531774 0
-0.531774 0
-0.531774 0
-0.531774 0
-0.531774 0
-0.532047 0
-0.532198 0
-0.532841 0
-0.532991 0
-0.534682 0
-0.534703 0
-0.534731 0
-0.535559 0
-0.538503 0
-0.539124 0
-0.53955 0
-0.540475 0
-0.540489 0
-0.543331 0
-0.543368 0
-0.544501 1
-0.545952 0
-0.546445 0
-0.547962 0
-0.547971 0
-0.55098 0
-0.550993 0
-0.550993 0
-0.550993 0
-0.550993 0
-0.550993 0
-0.550993 0
-0.550993 0
-0.550993 0
-0.550993 0
-0.550993 0
-0.552387 0
-0.552387 0
-0.552387 0
-0.552387 0
-0.552387 0
-0.552387 0
-0.552387 1
-0.552387 1
-0.552397 0
-0.552983 0
-0.553311 0
-0.554137 0
-0.554217 0
-0.55439 0
-0.55656 0
-0.556642 0
-0.556983 1
-0.557016 0
-0.55744 0
-0.557999 0
-0.557999 0
-0.557999 0
-0.558448 0
-0.55894 0
-0.559376 0
-0.560234 0
-0.561394 0
-0.561723 0
-0.563168 0
-0.566839 0
-0.568104 0
-0.572876 0
-0.573271 0
-0.576732 0
-0.577174 0
-0.577174 0
-0.577924 0
-0.579024 0
-0.579433 0
-0.580268 1
-0.580893 0
-0.581448 0
-0.582028 0
-0.58321 0
-0.585307 0
-0.586527 0
-0.587043 0
-0.587591 0
-0.587855 0
-0.588068 0
-0.588551 0
-0.588679 0
-0.590171 0
-0.591133 0
-0.591877 0
-0.592027 0
-0.592637 0
-0.593039 0
-0.593924 0
-0.595445 0
-0.595553 0
-0.595752 0
-0.595752 0
-0.595752 0
-0.595752 0
-0.595752 0
-0.595752 0
-0.595752 0
-0.595752 0
-0.59666 0
-0.596904 0
-0.597094 0
-0.599049 0
-0.599272 1
-0.599338 0
-0.599833 0
-0.599833 0
-0.601995 0
-0.602618 0
-0.603798 0
-0.60521 0
-0.606696 0
-0.606958 0
-0.608543 0
-0.610237 0
-0.610763 0
-0.61098 0
-0.611759 0
-0.611759 0
-0.611759 0
-0.611759 0
-0.611759 0
-0.611759 0
-0.611759 0
-0.611759 0
-0.611759 0
-0.611759 0
-0.611759 0
-0.611759 0
-0.611759 1
-0.611759 1
-0.611759 1
-0.613601 0
-0.615783 0
-0.615809 0
-0.616434 0
-0.61691 0
-0.617179 0
-0.617654 0
-0.617798 0
-0.618009 1
-0.61834 1
-0.618564 0
-0.618719 0
-0.61991 0
-0.62102 0
-0.621196 0
-0.622652 1
-0.62566 0
-0.626664 0
-0.627165 0
-0.627388 0
-0.628338 0
-0.628364 0
-0.631295 0
-0.631558 0
-0.631857 0
-0.631945 0
-0.632196 0
-0.632664 0
-0.633517 0
-0.634309 0
-0.634936 0
-0.634937 0
-0.635705 0
-0.635774 0
-0.636951 0
-0.638917 0
-0.639075 0
-0.639469 0
-0.640194 1
-0.640714 0
-0.640744 0
-0.641285 0
-0.642419 0
-0.642626 0
-0.644482 0
-0.644927 0
-0.645002 0
-0.645613 0
-0.646491 0
-0.646886 0
-0.647605 0
-0.648394 0
-0.648651 0
-0.649379 0
-0.651326 0
-0.653162 0
-0.653273 0
-0.654127 0
-0.655736 0
-0.657497 1
-0.657742 0
-0.659413 0
-0.660708 0
-0.661383 0
-0.661776 0
-0.662102 0
-0.662102 0
-0.662523 0
-0.662523 0
-0.662523 0
-0.662523 0
-0.662523 0
-0.662523 0
-0.662523 0
-0.662523 0
-0.66324 0
-0.66324 0
-0.66324 0
-0.66324 0
-0.66324 0
-0.66324 0
-0.66324 0
-0.66324 0
-0.66324 0
-0.66324 0
-0.66324 0
-0.66324 0
-0.66324 0
-0.66324 0
-0.66324 0
-0.663494 0
-0.664022 0
-0.664312 0
-0.664314 0
-0.665022 0
-0.665034 0
-0.66512 0
-0.6654 1
-0.665898 0
-0.666915 0
-0.666938 0
-0.66789 0
-0.669016 0
-0.669538 0
-0.670723 0
-0.671321 0
-0.671898 0
-0.67259 0
-0.672616 0
-0.672892 0
-0.673103 0
-0.673179 0
-0.673249 0
-0.673658 0
-0.673672 0
-0.6737 0
-0.673746 0
-0.673794 0
-0.674043 0
-0.674526 0
-0.674628 0
-0.674955 0
-0.675321 0
-0.675321 0
-0.675321 0
-0.675509 0
-0.675709 0
-0.676698 0
-0.676782 0
-0.677815 0
-0.677883 0
-0.678012 0
-0.678063 0
-0.678228 0
-0.678509 0
-0.679758 0
-0.679902 0
-0.680061 0
-0.680714 0
-0.680771 0
-0.681249 0
-0.681509 0
-0.681695 0
-0.681695 0
-0.681875 0
-0.681893 0
-0.681955 0
-0.681983 0
-0.68273 0
-0.683077 0
-0.683203 0
-0.683302 0
-0.683426 0
-0.6836 0
-0.684575 0
-0.684871 0
-0.685661 0
-0.686279 0
-0.687616 0
-0.687635 0
-0.68769 0
-0.688407 0
-0.688415 0
-0.688792 0
-0.688964 0
-0.689514 0
-0.689969 0
-0.690008 0
-0.690649 0
-0.690792 0
-0.691386 0
-0.691518 0
-0.691773 0
-0.691792 0
-0.691992 0
-0.6924 0
-0.692428 0
-0.692674 0
-0.69288 0
-0.692999 0
-0.693028 0
-0.69353 0
-0.694019 0
-0.694079 0
-0.694098 0
-0.695187 0
-0.695791 0
-0.695861 0
-0.697178 0
-0.697374 0
-0.698379 0
-0.698639 0
-0.698706 0
-0.698841 0
-0.699123 0
-0.699521 0
-0.699641 0
-0.699748 0
-0.699912 0
-0.700111 0
-0.700111 0
-0.700111 0
-0.700111 0
-0.700111 0
-0.700111 0
-0.700111 0
-0.700152 0
-0.700835 0
-0.7009 0
-0.700937 0
-0.701347 0
-0.701571 0
-0.701908 0
-0.702176 0
-0.702196 0
-0.702265 0
-0.702294 0
-0.702521 0
-0.702847 0
-0.70364 0
-0.703776 1
-0.704985 0
-0.705121 0
-0.705121 0
-0.705121 0
-0.705121 0
-0.705121 0
-0.705121 0
-0.705121 0
-0.705121 0
-0.705121 0
-0.705121 0
-0.70515 0
-0.705951 0
-0.707874 0
-0.708068 0
-0.70858 0
-0.70903 0
-0.709063 0
-0.709621 0
-0.709623 0
-0.710073 0
-0.710271 0
-0.710378 0
-0.71071 0
-0.710917 0
-0.711555 0
-0.711616 0
-0.711738 0
-0.711851 0
-0.712178 0
-0.712209 0
-0.71225 0
-0.712946 0
-0.713087 0
-0.713449 0
-0.713692 0
-0.714574 0
-0.714639 0
-0.714885 0
-0.714934 0
-0.714995 0
-0.715183 0
-0.715458 0
-0.715526 0
-0.715799 0
-0.716024 0
-0.716333 0
-0.716445 0
-0.717121 0
-0.717256 0
-0.717256 0
-0.717299 0
-0.717493 0
-0.718088 0
-0.718187 0
-0.718377 0
-0.718396 0
-0.718609 0
-0.718967 0
-0.71945 0
-0.719534 0
-0.719921 0
-0.720106 0
-0.720856 0
-0.720877 0
-0.720965 0
-0.721324 0
-0.721479 1
-0.721772 0
-0.722237 0
-0.722386 0
-0.722531 0
-0.722737 0
-0.722737 0
-0.722751 0
-0.722751 0
-0.722751 0
-0.722751 0
-0.722854 0
-0.723249 0
-0.724055 1
-0.724093 0
-0.724287 0
-0.724615 0
-0.724706 0
-0.725296 0
-0.725325 0
-0.725538 0
-0.726198 0
-0.726695 0
-0.726706 0
-0.727298 0
-0.727504 0
-0.727622 0
-0.727677 1
-0.727924 0
-0.727927 0
-0.728669 0
-0.729346 0
-0.729974 0
-0.730195 0
-0.730228 0
-0.73041 0
-0.730411 0
-0.730416 0
-0.730528 0
-0.730532 0
-0.730652 0
-0.731097 0
-0.731185 0
-0.731354 0
-0.731668 0
-0.731673 0
-0.731852 0
-0.732177 0
-0.732704 0
-0.732704 0
-0.73283 0
-0.732902 0
-0.733406 0
-0.73345 0
-0.733849 0
-0.734088 0
-0.734104 0
-0.734278 0
-0.734542 0
-0.734588 0
-0.734779 0
-0.735131 0
-0.7365 0
-0.736709 0
-0.737008 0
-0.737682 0
-0.737893 0
-0.738226 0
-0.738412 0
-0.739076 0
-0.739259 0
-0.739506 0
-0.739544 0
-0.73963 0
-0.740335 0
-0.740562 0
-0.740736 0
-0.741146 0
-0.741272 0
-0.741331 0
-0.741333 0
-0.741565 0
-0.741646 0
-0.741912 0
-0.742305 0
-0.742468 0
-0.742926 0
-0.743014 0
-0.743189 0
-0.74325 0
-0.743555 0
-0.743892 0
-0.743932 0
-0.744809 0
-0.744989 0
-0.745546 0
-0.745605 0
-0.74572 0
-0.745749 0
-0.745963 0
-0.746413 0
-0.746609 0
-0.746702 0
-0.746719 0
-0.746808 0
-0.747712 0
-0.747936 0
-0.748159 0
-0.748159 0
-0.748617 0
-0.748792 0
-0.749171 0
-0.750219 0
-0.750737 0
-0.751821 0
-0.751891 0
-0.752509 0
-0.752765 0
-0.752879 0
-0.75288 0
-0.75325 0
-0.75325 0
-0.75325 0
-0.75325 0
-0.75325 0
-0.75325 0
-0.75325 0
-0.75325 0
-0.75325 0
-0.75325 0
-0.753342 0
-0.753531 0
-0.753919 0
-0.754354 0
-0.754576 0
-0.755171 0
-0.755438 0
-0.755488 0
-0.755549 0
-0.755562 0
-0.755825 0
-0.755878 0
-0.755989 0
-0.75608 0
-0.75617 0
-0.756959 0
-0.758236 0
-0.758427 0
-0.758996 0
-0.759025 0
-0.759678 0
-0.759678 0
-0.7598 0
-0.760033 0
-0.760328 0
-0.760398 0
-0.76044 0
-0.760575 0
-0.760608 0
-0.760632 0
-0.760799 0
-0.761086 0
-0.761256 0
-0.761931 0
-0.762148 0
-0.762581 0
-0.762912 0
-0.762976 0
-0.762978 0
-0.763121 0
-0.763121 0
-0.763121 0
-0.763121 0
-0.763121 0
-0.763121 0
-0.763121 0
-0.763437 0
-0.763464 1
-0.763811 0
-0.763955 0
-0.764316 0
-0.764519 0
-0.765985 0
-0.766391 0
-0.766536 1
-0.766642 0
-0.766698 0
-0.766776 0
-0.766795 0
-0.767474 0
-0.767733 0
-0.76787 0
-0.768016 0
-0.768466 0
-0.768634 0
-0.768736 0
-0.768775 0
-0.769464 0
-0.76978 0
-0.770732 0
-0.770898 0
-0.770898 0
-0.770898 0
-0.770898 0
-0.770898 0
-0.770898 0
-0.770898 0
-0.770898 0
-0.770898 0
-0.770898 0
-0.771604 0
-0.771652 0
-0.771661 0
-0.771721 0
-0.771726 0
-0.772501 0
-0.772631 0
-0.77268 0
-0.772913 0
-0.773091 0
-0.773202 0
-0.77321 0
-0.77321 0
-0.773324 0
-0.773506 0
-0.773782 0
-0.77386 0
-0.774345 0
-0.774867 0
-0.775265 0
-0.775486 0
-0.775491 0
-0.775615 0
-0.775653 0
-0.77571 0
-0.775959 0
-0.776007 0
-0.776307 0
-0.776363 0
-0.77646 0
-0.77652 0
-0.776554 0
-0.776736 0
-0.777001 0
-0.777098 0
-0.777098 0
-0.777098 0
-0.777098 0
-0.777328 0
-0.777501 0
-0.777588 0
-0.777865 0
-0.777891 0
-0.777918 0
-0.778256 0
-0.778475 0
-0.778922 0
-0.77898 0
-0.77927 0
-0.779332 0
-0.779474 0
-0.77965 0
-0.780235 0
-0.780399 0
-0.780415 0
-0.780417 0
-0.780885 0
-0.781423 0
-0.78148 0
-0.781599 0
-0.781651 0
-0.781709 0
-0.781981 0
-0.782049 0
-0.782069 0
-0.782403 0
-0.783209 0
-0.783209 0
-0.783209 0
-0.783587 0
-0.783639 0
-0.783655 0
-0.783749 0
-0.783779 0
-0.784215 0
-0.784519 0
-0.784552 0
-0.784836 0
-0.785338 0
-0.785518 0
-0.785602 0
-0.785646 0
-0.785785 0
-0.785957 0
-0.785963 0
-0.786203 0
-0.786217 0
-0.786308 0
-0.786456 0
-0.786755 0
-0.787169 0
-0.787274 0
-0.787312 0
-0.787485 0
-0.787485 0
-0.787485 0
-0.787485 0
-0.787485 0
-0.787485 0
-0.787485 0
-0.787485 0
-0.787485 0
-0.787485 0
-0.787485 0
-0.787485 0
-0.787494 0
-0.787751 0
-0.788093 0
-0.788136 0
-0.788445 0
-0.788456 0
-0.788658 0
-0.78881 0
-0.788983 0
-0.789133 0
-0.789284 0
-0.789814 0
-0.790676 0
-0.790766 0
-0.790923 0
-0.790953 0
-0.790983 0
-0.791195 0
-0.791464 0
-0.791985 0
-0.792096 0
-0.792374 0
-0.792516 0
-0.792583 0
-0.792583 0
-0.792875 0
-0.793311 0
-0.793451 0
-0.793942 0
-0.794562 0
-0.794671 0
-0.794763 0
-0.795269 0
-0.795307 0
-0.795447 0
-0.795517 0
-0.79557 0
-0.795841 0
-0.795848 0
-0.795904 0
-0.795904 0
-0.795904 0
-0.795904 0
-0.795904 0
-0.795904 0
-0.795904 0
-0.795904 0
-0.795904 0
-0.795904 0
-0.795904 1
-0.795904 1
-0.796261 0
-0.796423 0
-0.796598 0
-0.796828 0
-0.797011 0
-0.797084 0
-0.79724 0
-0.797524 0
-0.797524 0
-0.797629 0
-0.797744 0
-0.797931 0
-0.798055 0
-0.798318 0
-0.798637 0
-0.799 0
-0.799132 0
-0.799352 0
-0.799354 0
-0.79999 0
-0.800467 0
-0.800601 0
-0.800792 0
-0.800803 0
-0.800817 0
-0.801251 0
-0.801455 0
-0.801629 0
-0.801629 0
-0.801629 0
-0.801629 0
-0.801629 0
-0.801629 0
-0.801629 0
-0.801629 0
-0.801629 0
-0.801629 0
-0.801987 0
-0.802116 0
-0.802322 0
-0.802718 0
-0.802891 0
-0.80293 0
-0.80359 0
-0.803674 0
-0.804176 0
-0.80426 0
-0.804291 0
-0.804334 0
-0.804522 0
-0.804796 0
-0.804867 0
-0.805096 0
-0.805285 0
-0.805361 0
-0.805526 0
-0.805727 0
-0.806142 0
-0.806471 0
-0.806532 0
-0.806766 0
-0.806778 0
-0.806928 0
-0.807603 0
-0.807869 0
-0.808017 0
-0.80816 0
-0.808392 0
-0.808393 0
-0.808437 0
-0.808503 0
-0.808734 0
-0.808958 1
-0.808958 1
-0.808958 1
-0.808958 1
-0.808981 0
-0.809083 0
-0.809814 0
-0.809937 0
-0.810339 0
-0.810419 1
-0.811474 0
-0.811946 0
-0.812724 0
-0.81314 0
-0.813448 0
-0.813639 0
-0.813775 0
-0.813967 0
-0.814797 0
-0.815099 0
-0.815346 0
-0.815353 0
-0.815652 0
-0.815798 0
-0.815935 0
-0.816093 0
-0.816115 0
-0.816176 0
-0.816564 0
-0.81666 0
-0.816813 0
-0.817031 0
-0.817654 1
-0.817736 0
-0.817997 0
-0.818053 0
-0.818206 0
-0.818261 0
-0.818321 0
-0.818511 0
-0.818588 0
-0.818845 0
-0.818955 0
-0.819486 0
-0.819613 0
-0.819628 0
-0.819798 0
-0.820116 0
-0.820208 1
-0.820241 0
-0.820443 0
-0.82084 0
-0.821117 0
-0.821155 0
-0.82139 0
-0.821485 0
-0.821724 0
-0.821809 0
-0.821857 0
-0.822349 0
-0.822453 0
-0.82262 0
-0.822741 0
-0.822781 0
-0.822794 0
-0.822874 0
-0.823082 0
-0.823143 0
-0.823265 0
-0.823491 0
-0.823686 0
-0.82391 0
-0.823923 0
-0.824167 0
-0.824397 0
-0.824469 1
-0.824604 0
-0.825042 0
-0.825199 0
-0.825286 0
-0.82554 0
-0.82593 0
-0.826027 0
-0.826027 0
-0.82606 0
-0.82649 0
-0.826504 0
-0.826708 0
-0.827154 0
-0.827515 0
-0.827529 0
-0.82763 1
-0.827668 0
-0.827773 0
-0.828237 0
-0.828335 0
-0.828354 0
-0.828645 0
-0.828781 0
-0.829051 0
-0.829427 0
-0.829504 0
-0.829718 0
-0.829826 0
-0.829865 0
-0.830145 0
-0.830278 0
-0.830768 0
-0.83077 0
-0.83078 0
-0.831297 0
-0.831335 0
-0.831952 0
-0.831984 0
-0.832064 0
-0.832146 0
-0.832442 0
-0.832675 0
-0.832853 0
-0.832975 0
-0.833134 0
-0.83316 0
-0.833406 1
-0.833667 0
-0.833695 0
-0.833974 0
-0.834006 0
-0.834883 0
-0.835382 0
-0.835401 0
-0.835434 0
-0.835454 0
-0.835477 0
-0.835537 0
-0.835814 0
-0.836163 0
-0.836208 0
-0.836228 0
-0.836411 0
-0.836912 0
-0.837091 0
-0.837443 0
-0.83749 1
-0.8375 0
-0.837665 0
-0.837667 0
-0.837968 0
-0.838322 0
-0.838322 0
-0.838522 0
-0.838787 0
-0.838952 0
-0.838988 0
-0.839034 0
-0.839232 0
-0.839256 0
-0.839397 0
-0.839726 0
-0.839726 0
-0.83983 0
-0.839923 0
-0.839992 0
-0.840343 0
-0.840442 0
-0.840455 0
-0.840462 0
-0.840559 0
-0.840567 0
-0.840737 0
-0.840882 0
-0.840913 0
-0.840955 0
-0.840983 0
-0.840988 0
-0.841164 1
-0.841252 0
-0.841534 0
-0.841545 0
-0.841634 0
-0.841662 0
-0.841874 0
-0.841895 0
-0.842015 0
-0.842464 0
-0.842515 0
-0.842563 0
-0.842998 0
-0.843019 0
-0.843036 0
-0.843256 0
-0.843409 0
-0.843797 0
-0.843931 0
-0.844166 0
-0.844187 0
-0.844197 0
-0.844219 0
-0.844353 0
-0.844535 0
-0.844732 0
-0.844833 0
-0.844857 0
-0.84497 0
-0.845115 0
-0.845278 0
-0.845406 0
-0.845412 0
-0.845417 0
-0.845518 0
-0.845671 0
-0.845734 0
-0.846309 0
-0.846392 0
-0.846701 1
-0.846701 1
-0.84685 0
-0.847112 0
-0.847314 0
-0.847413 0
-0.847561 0
-0.847793 0
-0.847809 0
-0.847858 0
-0.848241 0
-0.848625 0
-0.848845 0
-0.849086 0
-0.849155 0
-0.84936 0
-0.849599 0
-0.849619 0
-0.849705 0
-0.849754 0
-0.849839 0
-0.850088 0
-0.850165 0
-0.850168 0
-0.850344 0
-0.850574 0
-0.850766 0
-0.850896 0
-0.850933 0
-0.851106 0
-0.851441 0
-0.851542 0
-0.851584 0
-0.851827 0
-0.851869 0
-0.852065 0
-0.852247 0
-0.852657 0
-0.852869 0
-0.853389 0
-0.853406 0
-0.85355 0
-0.853553 0
-0.853755 0
-0.853765 0
-0.853772 0
-0.853963 0
-0.853982 0
-0.854002 0
-0.854131 0
-0.854172 0
-0.854744 0
-0.854795 0
-0.85488 0
-0.854927 0
-0.855097 0
-0.855158 0
-0.855644 0
-0.855699 0
-0.855813 0
-0.85593 0
-0.855986 0
-0.856126 0
-0.856457 0
-0.856457 0
-0.856607 0
-0.85669 0
-0.856759 0
-0.856786 0
-0.856954 0
-0.857034 0
-0.857262 0
-0.857484 0
-0.857819 0
-0.857894 0
-0.857932 0
-0.85795 0
-0.858401 0
-0.858581 0
-0.858961 0
-0.859109 0
-0.859119 0
-0.859154 0
-0.859353 0
-0.859378 1
-0.859637 0
-0.860073 0
-0.860343 0
-0.860381 0
-0.860719 0
-0.860877 0
-0.861045 1
-0.86183 0
-0.86183 0
-0.861885 0
-0.861969 0
-0.862155 0
-0.862155 0
-0.862169 0
-0.862259 0
-0.862301 0
-0.86234 0
-0.862378 0
-0.862433 0
-0.862656 0
-0.862812 0
-0.863296 0
-0.863524 0
-0.863746 0
-0.863833 0
-0.864109 0
-0.864457 0
-0.864502 0
-0.864684 0
-0.864745 0
-0.865042 0
-0.865326 0
-0.865519 0
-0.865706 0
-0.865906 0
-0.865915 0
-0.866022 0
-0.866206 0
-0.866408 0
-0.866908 0
-0.866956 0
-0.867209 0
-0.867565 0
-0.867596 0
-0.867643 1
-0.867683 0
-0.867683 0
-0.867981 0
-0.8682 1
-0.868271 0
-0.86842 0
-0.868666 0
-0.868672 0
-0.868984 0
-0.869136 0
-0.869859 0
-0.869909 0
-0.870383 0
-0.870487 0
-0.870664 0
-0.870664 0
-0.870825 0
-0.871187 0
-0.871636 0
-0.871642 0
-0.871674 0
-0.871853 0
-0.871853 0
-0.871853 0
-0.871853 0
-0.871853 0
-0.871853 0
-0.871853 0
-0.871853 0
-0.871853 0
-0.871853 0
-0.871853 0
-0.871853 0
-0.871892 0
-0.871921 0
-0.872207 0
-0.872219 0
-0.872279 0
-0.872293 0
-0.872415 0
-0.87246 0
-0.872462 0
-0.872919 0
-0.872935 0
-0.873108 0
-0.873396 0
-0.87359 0
-0.873689 0
-0.873707 0
-0.873723 0
-0.873945 0
-0.874249 0
-0.874309 0
-0.87433 0
-0.874337 0
-0.874561 1
-0.874585 0
-0.87461 0
-0.875136 0
-0.875243 0
-0.875361 0
-0.875487 0
-0.875619 0
-0.875684 0
-0.875803 0
-0.876115 0
-0.876369 0
-0.876546 0
-0.876648 0
-0.876728 0
-0.876731 0
-0.877011 0
-0.877142 1
-0.877205 0
-0.877268 0
-0.877345 0
-0.877379 0
-0.877686 0
-0.87801 0
-0.878027 0
-0.878035 0
-0.878223 0
-0.878429 0
-0.878451 0
-0.878553 0
-0.878589 0
-0.878746 0
-0.878764 0
-0.878811 0
-0.878995 0
-0.879145 0
-0.879192 0
-0.879231 0
-0.879326 0
-0.879345 0
-0.879522 0
-0.879552 0
-0.879644 0
-0.879723 0
-0.87981 0
-0.880478 0
-0.88058 0
-0.880587 0
-0.880594 0
-0.880816 0
-0.881036 0
-0.881077 0
-0.881108 0
-0.881161 0
-0.881347 0
-0.881506 0
-0.881617 0
-0.881857 0
-0.881862 0
-0.88193 0
-0.881942 0
-0.882025 0
-0.882218 0
-0.882253 0
-0.882959 0
-0.883197 0
-0.883369 0
-0.883381 0
-0.883427 0
-0.883427 0
-0.883603 0
-0.883671 0
-0.883933 0
-0.884372 0
-0.884407 0
-0.884533 0
-0.884741 0
-0.884853 0
-0.88492 0
-0.885002 0
-0.885146 0
-0.885337 0
-0.885486 0
-0.885663 0
-0.885781 0
-0.885971 0
-0.886222 0
-0.886531 0
-0.886613 1
-0.886783 0
-0.886815 0
-0.886865 0
-0.887009 0
-0.887374 0
-0.887452 0
-0.887546 0
-0.887557 0
-0.887844 0
-0.88785 0
-0.88785 1
-0.88785 1
-0.88785 1
-0.88785 1
-0.88785 1
-0.88785 1
-0.888072 0
-0.888153 0
-0.888231 0
-0.888246 0
-0.888292 0
-0.88836 0
-0.888372 0
-0.888408 0
-0.888488 0
-0.888683 0
-0.888916 0
-0.888942 0
-0.889209 0
-0.889321 0
-0.889333 0
-0.88939 0
-0.889677 0
-0.889757 0
-0.889816 0
-0.889863 0
-0.889959 0
-0.890066 0
-0.890194 0
-0.890239 0
-0.890347 0
-0.890593 0
-0.890744 0
-0.890937 0
-0.890987 0
-0.891363 0
-0.891438 0
-0.891523 0
-0.891643 0
-0.891848 0
-0.891853 0
-0.891888 0
-0.892192 0
-0.892203 0
-0.892414 0
-0.892871 0
-0.892984 0
-0.893305 0
-0.893563 0
-0.893584 0
-0.893635 0
-0.893656 0
-0.893896 0
-0.894205 0
-0.894445 0
-0.894465 0
-0.894526 0
-0.89477 0
-0.8949 0
-0.895091 0
-0.895447 0
-0.895475 0
-0.895568 0
-0.89566 0
-0.89571 0
-0.895957 1
-0.896078 0
-0.896078 0
-0.896078 0
-0.896078 0
-0.896078 0
-0.896078 0
-0.896078 0
-0.896078 0
-0.896078 0
-0.896078 0
-0.896195 0
-0.896278 0
-0.896296 0
-0.896586 0
-0.896724 0
-0.896777 0
-0.89688 0
-0.896923 0
-0.896932 0
-0.897134 0
-0.897194 0
-0.897238 0
-0.89724 0
-0.897289 0
-0.89734 0
-0.897474 0
-0.897641 0
-0.897654 1
-0.89772 0
-0.897761 0
-0.897943 0
-0.898148 0
-0.898216 0
-0.898319 0
-0.898495 0
-0.898682 0
-0.898736 0
-0.898999 0
-0.899451 0
-0.899609 0
-0.899655 0
-0.899726 0
-0.899984 0
-0.899984 0
-0.899984 0
-0.900238 0
-0.900354 0
-0.90039 0
-0.900562 0
-0.9006 0
-0.900934 1
-0.901039 0
-0.901167 0
-0.901188 0
-0.901201 0
-0.901227 0
-0.901326 0
-0.901475 1
-0.901611 0
-0.901768 0
-0.901859 0
-0.901933 0
-0.902187 0
-0.902608 0
-0.902781 0
-0.902793 0
-0.902933 0
-0.90295 0
-0.902953 0
-0.903035 0
-0.90304 0
-0.903182 0
-0.903209 0
-0.903209 0
-0.903391 0
-0.903429 0
-0.903504 0
-0.90362 0
-0.903894 0
-0.903993 0
-0.904037 0
-0.904067 0
-0.904235 0
-0.904329 0
-0.90436 0
-0.904397 0
-0.904441 0
-0.904491 0
-0.904545 0
-0.904863 0
-0.904873 0
-0.904942 0
-0.904968 0
-0.905139 0
-0.905271 0
-0.905297 0
-0.905311 0
-0.905346 0
-0.905593 0
-0.905758 0
-0.905804 0
-0.905862 0
-0.906022 0
-0.906347 0
-0.906348 0
-0.906435 0
-0.906683 0
-0.90669 0
-0.906887 0
-0.906957 0
-0.906999 0
-0.908248 0
-0.908544 0
-0.908797 0
-0.908912 0
-0.909066 0
-0.909214 0
-0.909533 0
-0.909624 0
-0.909759 1
-0.909928 0
-0.910001 0
-0.910136 0
-0.91038 0
-0.910405 0
-0.910904 0
-0.911036 0
-0.911153 0
-0.911214 0
-0.911233 0
-0.911391 0
-0.911534 0
-0.91175 1
-0.911895 0
-0.912517 0
-0.912584 0
-0.912724 0
-0.912724 0
-0.912819 0
-0.912845 0
-0.913029 0
-0.913185 0
-0.913185 0
-0.913269 0
-0.913296 0
-0.913343 0
-0.913367 0
-0.913442 0
-0.913451 0
-0.913498 0
-0.913557 0
-0.913573 0
-0.913763 1
-0.913823 0
-0.91388 1
-0.91388 1
-0.914006 0
-0.91406 0
-0.914268 0
-0.914305 0
-0.914451 0
-0.914622 0
-0.914666 0
-0.914746 0
-0.914923 0
-0.915177 0
-0.915264 0
-0.915367 0
-0.91623 0
-0.916263 0
-0.916309 0
-0.916349 0
-0.916394 0
-0.916458 0
-0.916584 0
-0.916618 0
-0.916694 0
-0.916802 0
-0.916979 0
-0.916979 0
-0.916994 0
-0.917108 0
-0.917509 0
-0.917587 0
-0.917601 0
-0.917665 0
-0.917836 0
-0.91811 0
-0.91811 0
-0.918117 0
-0.918283 0
-0.918609 0
-0.918689 0
-0.918825 0
-0.918838 0
-0.918898 0
-0.919026 0
-0.919281 0
-0.919325 0
-0.919331 0
-0.919396 0
-0.919442 0
-0.919554 0
-0.919595 0
-0.919793 0
-0.919975 0
-0.920076 0
-0.920357 0
-0.920403 0
-0.920743 0
-0.920865 1
-0.921032 0
-0.921155 0
-0.921222 0
-0.921447 0
-0.921684 0
-0.921733 0
-0.922084 0
-0.9224 0
-0.922552 1
-0.922552 1
-0.922552 1
-0.922552 1
-0.922552 1
-0.922552 1
-0.922552 1
-0.922552 1
-0.922552 1
-0.922552 1
-0.92264 0
-0.922919 0
-0.922976 0
-0.923173 0
-0.923573 0
-0.923741 0
-0.923882 0
-0.923898 0
-0.923898 0
-0.924004 0
-0.924082 0
-0.924191 0
-0.924203 0
-0.924203 0
-0.924472 1
-0.924751 0
-0.924795 0
-0.924858 1
-0.924934 0
-0.92532 0
-0.925477 0
-0.925493 0
-0.925568 0
-0.925595 0
-0.925878 0
-0.926159 0
-0.926523 0
-0.926688 0
-0.926715 0
-0.926764 0
-0.92678 0
-0.926948 0
-0.927087 0
-0.927301 0
-0.92749 0
-0.928362 0
-0.92839 0
-0.928537 0
-0.928574 0
-0.928655 0
-0.928657 0
-0.928892 0
-0.92898 0
-0.929152 0
-0.929181 0
-0.929222 0
-0.929524 0
-0.929567 0
-0.929763 0
-0.930051 0
-0.930184 0
-0.930243 0
-0.93029 0
-0.930459 0
-0.93087 0
-0.931367 0
-0.931815 0
-0.931824 0
-0.931876 0
-0.931901 0
-0.931967 0
-0.932007 0
-0.932349 0
-0.932594 0
-0.932913 0
-0.932933 0
-0.932936 0
-0.93314 0
-0.933173 0
-0.933299 0
-0.93338 0
-0.933386 0
-0.933475 0
-0.933505 0
-0.933611 0
-0.933743 1
-0.933878 0
-0.933923 0
-0.933945 0
-0.934034 0
-0.934124 0
-0.934289 0
-0.934308 0
-0.934418 0
-0.934471 0
-0.934549 0
-0.934645 0
-0.934702 0
-0.934971 0
-0.935003 0
-0.935003 0
-0.935016 0
-0.935138 0
-0.935219 0
-0.935414 0
-0.935544 0
-0.935606 0
-0.935627 0
-0.935628 0
-0.935841 0
-0.935893 0
-0.935905 0
-0.935985 0
-0.936012 0
-0.936053 0
-0.936153 0
-0.936193 0
-0.936528 0
-0.936646 0
-0.936662 0
-0.936831 0
-0.936979 0
-0.937102 0
-0.937133 0
-0.937265 0
-0.937398 0
-0.937453 0
-0.93763 0
-0.937854 0
-0.937854 0
-0.937928 0
-0.937993 0
-0.93816 0
-0.938335 0
-0.938407 0
-0.938503 0
-0.93852 0
-0.938747 0
-0.938899 0
-0.938965 0
-0.939019 0
-0.939221 0
-0.93928 0
-0.939324 0
-0.939532 0
-0.939609 0
-0.939816 0
-0.939902 0
-0.939987 0
-0.940008 0
-0.940176 0
-0.94022 0
-0.940366 0
-0.940395 0
-0.940422 0
-0.940613 0
-0.940634 0
-0.940667 0
-0.940711 0
-0.940803 0
-0.940811 0
-0.940863 1
-0.940988 0
-0.941008 0
-0.941347 0
-0.94145 0
-0.941508 0
-0.941619 0
-0.941696 0
-0.942008 0
-0.942187 0
-0.942345 0
-0.942423 0
-0.942831 0
-0.942917 0
-0.943054 0
-0.943309 0
-0.943343 0
-0.94337 0
-0.943389 1
-0.943407 0
-0.943465 0
-0.943834 0
-0.943975 0
-0.944049 0
-0.944088 0
-0.944172 0
-0.944195 0
-0.944323 1
-0.944725 0
-0.944735 0
-0.944791 0
-0.944833 0
-0.944911 0
-0.945001 0
-0.945229 0
-0.945229 0
-0.945275 0
-0.945326 0
-0.945425 0
-0.945434 0
-0.945452 0
-0.945579 0
-0.945604 0
-0.945764 0
-0.945776 0
-0.945976 0
-0.946012 0
-0.946014 0
-0.94604 0
-0.946253 0
-0.946327 0
-0.946357 0
-0.946393 0
-0.946523 0
-0.946789 0
-0.946793 0
-0.946805 0
-0.946877 0
-0.946965 0
-0.946979 0
-0.946982 0
-0.947229 0
-0.947383 0
-0.947504 0
-0.947553 0
-0.947715 0
-0.947745 0
-0.947756 0
-0.947757 0
-0.947901 0
-0.947955 0
-0.947986 0
-0.948054 0
-0.948077 0
-0.948191 0
-0.948236 0
-0.948416 0
-0.948433 0
-0.948608 0
-0.948611 0
-0.94871 0
-0.948716 0
-0.948808 0
-0.948819 0
-0.948927 0
-0.94898 0
-0.949224 0
-0.949369 0
-0.94943 0
-0.949553 0
-0.949619 0
-0.949648 0
-0.950021 0
-0.950134 0
-0.950199 0
-0.950265 1
-0.950361 0
-0.950478 0
-0.950911 0
-0.951016 1
-0.951025 0
-0.951113 0
-0.951194 0
-0.951258 0
-0.951299 0
-0.951353 0
-0.951353 0
-0.951371 1
-0.951419 0
-0.95144 0
-0.951521 0
-0.951584 0
-0.951638 0
-0.951642 0
-0.952101 0
-0.952146 0
-0.952209 0
-0.952232 0
-0.952394 0
-0.952615 0
-0.952657 0
-0.952718 0
-0.952741 0
-0.952806 0
-0.952834 0
-0.952839 0
-0.95293 0
-0.953106 0
-0.953202 0
-0.953389 0
-0.953433 0
-0.953514 0
-0.95361 0
-0.953644 0
-0.953721 0
-0.953885 0
-0.953983 0
-0.95418 0
-0.954253 0
-0.954266 0
-0.954596 0
-0.954669 0
-0.954674 0
-0.954746 0
-0.954815 0
-0.954836 0
-0.954843 0
-0.955083 0
-0.955224 0
-0.955259 0
-0.955261 0
-0.955312 0
-0.955312 0
-0.955408 0
-0.955447 0
-0.955552 0
-0.955637 0
-0.955708 0
-0.955749 0
-0.95581 0
-0.955839 0
-0.956006 0
-0.956006 0
-0.956042 0
-0.956051 0
-0.956088 0
-0.956197 0
-0.956213 0
-0.956227 0
-0.956258 0
-0.956398 0
-0.956432 0
-0.95661 0
-0.956706 1
-0.956784 0
-0.957049 0
-0.957492 0
-0.95754 0
-0.957545 1
-0.957578 0
-0.957589 0
-0.957729 0
-0.957901 0
-0.95815 0
-0.958156 0
-0.958218 0
-0.958268 0
-0.958327 0
-0.95844 0
-0.958695 0
-0.958759 0
-0.958771 0
-0.958925 0
-0.95905 0
-0.959198 0
-0.959258 0
-0.95934 0
-0.959368 0
-0.959384 0
-0.959412 0
-0.959599 0
-0.959667 0
-0.959709 0
-0.959755 0
-0.959806 0
-0.959862 0
-0.959923 0
-0.959995 0
-0.96021 0
-0.960253 0
-0.960297 1
-0.960327 0
-0.960354 0
-0.960455 0
-0.96053 0
-0.960539 0
-0.960606 0
-0.960766 0
-0.96088 0
-0.960922 0
-0.960974 0
-0.96114 0
-0.961147 0
-0.96123 0
-0.961275 0
-0.961296 0
-0.961504 0
-0.961504 0
-0.961558 0
-0.961683 0
-0.961753 0
-0.961766 0
-0.961828 0
-0.961832 0
-0.961849 0
-0.961862 0
-0.961997 0
-0.962021 0
-0.962126 0
-0.962173 0
-0.962303 0
-0.962483 0
-0.962537 0
-0.962643 1
-0.962732 0
-0.962801 0
-0.962877 0
-0.963033 0
-0.963485 0
-0.963642 0
-0.963667 0
-0.96372 0
-0.963776 0
-0.963824 0
-0.963881 1
-0.964039 0
-0.964496 0
-0.964505 0
-0.964705 0
-0.964807 0
-0.964843 0
-0.964923 0
-0.965019 0
-0.965183 0
-0.965307 0
-0.965307 0
-0.965368 0
-0.965442 0
-0.965449 0
-0.965813 0
-0.966119 0
-0.966605 0
-0.966774 0
-0.966836 0
-0.966868 0
-0.966888 0
-0.966981 0
-0.96728 0
-0.967313 0
-0.967325 0
-0.967752 0
-0.967758 0
-0.968036 0
-0.968178 0
-0.968479 0
-0.968503 0
-0.968647 0
-0.968884 0
-0.969017 0
-0.969097 0
-0.969113 0
-0.969208 0
-0.969411 0
-0.969426 0
-0.969514 0
-0.969566 0
-0.969701 0
-0.969903 0
-0.969963 0
-0.970007 0
-0.970044 0
-0.970152 0
-0.970215 0
-0.97027 0
-0.970551 0
-0.97099 0
-0.971123 0
-0.971142 0
-0.971148 0
-0.971353 0
-0.971398 0
-0.971442 0
-0.971563 0
-0.971611 0
-0.971623 0
-0.971833 0
-0.972749 0
-0.972768 0
-0.972827 0
-0.972969 0
-0.973004 0
-0.973006 1
-0.973076 0
-0.973077 0
-0.973115 0
-0.973132 0
-0.973294 0
-0.973353 0
-0.97349 0
-0.97349 0
-0.973613 0
-0.973733 0
-0.973773 1
-0.973816 0
-0.973889 0
-0.97392 0
-0.973961 0
-0.973988 0
-0.974124 0
-0.974417 0
-0.974441 0
-0.974471 0
-0.974544 0
-0.974567 1
-0.974589 0
-0.974592 0
-0.974645 0
-0.97472 0
-0.974743 0
-0.974743 0
-0.974768 0
-0.974791 0
-0.974819 0
-0.974823 0
-0.974978 0
-0.975056 0
-0.975114 1
-0.975154 0
-0.975155 0
-0.975185 0
-0.975235 0
-0.975804 0
-0.97586 0
-0.976002 0
-0.976124 0
-0.976292 1
-0.976338 0
-0.97639 0
-0.976444 0
-0.976761 0
-0.976768 0
-0.976778 0
-0.976785 0
-0.976791 0
-0.977157 0
-0.977313 0
-0.977391 0
-0.977628 0
-0.97784 0
-0.977924 0
-0.977979 0
-0.978057 0
-0.978152 0
-0.978209 0
-0.978238 0
-0.978415 0
-0.978439 0
-0.978839 0
-0.978843 0
-0.97885 0
-0.978932 0
-0.978946 0
-0.978967 0
-0.979185 0
-0.979465 0
-0.97951 0
-0.97951 0
-0.979593 0
-0.979639 0
-0.979797 0
-0.979922 0
-0.979969 0
-0.980122 0
-0.980145 0
-0.980201 0
-0.980234 0
-0.98027 0
-0.980306 0
-0.980306 0
-0.980344 0
-0.980418 0
-0.980456 0
-0.980462 0
-0.980484 1
-0.980654 0
-0.980718 0
-0.980783 0
-0.980952 0
-0.980966 0
-0.981028 0
-0.981028 0
-0.981051 0
-0.981103 0
-0.981295 0
-0.981386 0
-0.981565 0
-0.981768 0
-0.981779 0
-0.981961 0
-0.982258 0
-0.982322 0
-0.98237 0
-0.982422 0
-0.982635 0
-0.982755 0
-0.982781 0
-0.983114 0
-0.983163 0
-0.983168 0
-0.983243 0
-0.983253 0
-0.983299 0
-0.983299 0
-0.983299 0
-0.983299 0
-0.983299 0
-0.983299 0
-0.983299 0
-0.983299 0
-0.983332 0
-0.983341 0
-0.983594 0
-0.983687 0
-0.983715 0
-0.983922 0
-0.983952 0
-0.984023 0
-0.984091 0
-0.984126 0
-0.984213 0
-0.984359 0
-0.984581 0
-0.984615 1
-0.98467 0
-0.984718 0
-0.98489 0
-0.984939 0
-0.985058 0
-0.985227 0
-0.985227 0
-0.98527 0
-0.98546 0
-0.985475 0
-0.985597 0
-0.985703 0
-0.985728 0
-0.986201 0
-0.986212 0
-0.986228 0
-0.986245 0
-0.986383 0
-0.98659 0
-0.986687 0
-0.986688 0
-0.986826 0
-0.987118 0
-0.987118 0
-0.9872 0
-0.987455 0
-0.987673 0
-0.987702 0
-0.987786 0
-0.987847 0
-0.987858 0
-0.987862 0
-0.987894 0
-0.988161 0
-0.988224 0
-0.988535 0
-0.988866 0
-0.988994 0
-0.988998 0
-0.989036 0
-0.989064 0
-0.989094 0
-0.989451 0
-0.989525 1
-0.989645 0
-0.989661 0
-0.99011 0
-0.990143 0
-0.990199 0
-0.990248 0
-0.990397 0
-0.990426 0
-0.990444 0
-0.990528 0
-0.990851 0
-0.991026 0
-0.991213 1
-0.991226 0
-0.991413 0
-0.991444 0
-0.991595 0
-0.991639 0
-0.991784 0
-0.991949 0
-0.99195 0
-0.992016 0
-0.992193 0
-0.992312 0
-0.992389 0
-0.992686 0
-0.992816 0
-0.992875 0
-0.992891 0
-0.993025 0
-0.993102 0
-0.993138 0
-0.993182 0
-0.993375 0
-0.993412 0
-0.993442 1
-0.993478 0
-0.993571 0
-0.993737 0
-0.993737 0
-0.993899 0
-0.994112 0
-0.994176 0
-0.994182 0
-0.994196 0
-0.994246 0
-0.994289 0
-0.994562 0
-0.994562 0
-0.994634 0
-0.994669 0
-0.994758 0
-0.994799 0
-0.995004 0
-0.995184 0
-0.995233 0
-0.995281 0
-0.995332 0
-0.995717 0
-0.995886 0
-0.995977 0
-0.995989 0
-0.996013 0
-0.996317 0
-0.996317 1
-0.996364 0
-0.996554 0
-0.996703 0
-0.996716 0
-0.996761 0
-0.996895 0
-0.997037 0
-0.997177 0
-0.997318 0
-0.997379 0
-0.99743 0
-0.997489 0
-0.99762 0
-0.997757 0
-0.997805 0
-0.997908 0
-0.997951 0
-0.998049 0
-0.998302 0
-0.998341 0
-0.998853 0
-0.99886 0
-0.999061 0
-0.999132 0
-0.999146 0
-0.999162 0
-0.999246 0
-0.999284 0
-0.999466 0
-0.999473 0
-0.999528 0
-0.999803 0
-0.999813 0
-0.999855 0
-0.999881 0
-0.999888 0
-1.000146 0
-1.000167 0
-1.000561 0
-1.000585 0
-1.000596 0
-1.000611 0
-1.000699 0
-1.000916 0
-1.000972 0
-1.001153 0
-1.001303 0
-1.001374 1
-1.001429 0
-1.001516 0
-1.001707 0
-1.001948 0
-1.0021 0
-1.002151 0
-1.002166 0
-1.002206 0
-1.002608 0
-1.002666 0
-1.002666 0
-1.002666 0
-1.002666 0
-1.002666 0
-1.002666 0
-1.002666 0
-1.002666 0
-1.002666 0
-1.002666 0
-1.002685 0
-1.002753 0
-1.002756 0
-1.002898 0
-1.002912 0
-1.002979 0
-1.003072 0
-1.003278 0
-1.003364 0
-1.003583 0
-1.003661 0
-1.003747 0
-1.003832 0
-1.003854 0
-1.003982 0
-1.004189 0
-1.004345 0
-1.00438 0
-1.004383 0
-1.004496 0
-1.004642 0
-1.004645 0
-1.004982 0
-1.005017 0
-1.005027 0
-1.005097 0
-1.005127 0
-1.0052 0
-1.005228 0
-1.005334 0
-1.005422 0
-1.005655 0
-1.005691 0
-1.005736 0
-1.005972 0
-1.00621 0
-1.006278 0
-1.006319 0
-1.006803 0
-1.006863 0
-1.006928 0
-1.006937 0
-1.006937 0
-1.007053 0
-1.00712 0
-1.00726 0
-1.007518 0
-1.007736 0
-1.008078 0
-1.00811 0
-1.008159 0
-1.008221 0
-1.008648 1
-1.00865 0
-1.00865 0
-1.008961 0
-1.009034 0
-1.009511 0
-1.009536 0
-1.009567 0
-1.009648 0
-1.009693 0
-1.009702 0
-1.009727 0
-1.009829 0
-1.009897 0
-1.010231 0
-1.010277 0
-1.010293 0
-1.010475 0
-1.010544 0
-1.010602 0
-1.010603 0
-1.010649 0
-1.010762 0
-1.010881 0
-1.01133 0
-1.011397 0
-1.011576 0
-1.011684 0
-1.011754 0
-1.011816 0
-1.012018 0
-1.012049 0
-1.012143 0
-1.012237 0
-1.012335 0
-1.012387 0
-1.012461 0
-1.012482 0
-1.012495 0
-1.012497 0
-1.012721 0
-1.012784 1
-1.012884 0
-1.012931 0
-1.012978 0
-1.013057 0
-1.013094 0
-1.013356 0
-1.01338 0
-1.013408 0
-1.013436 0
-1.013452 0
-1.013465 0
-1.013591 0
-1.013737 0
-1.013761 0
-1.013774 0
-1.014032 0
-1.014147 0
-1.014482 0
-1.014493 0
-1.014548 1
-1.01455 0
-1.014555 0
-1.014692 0
-1.014704 0
-1.01481 0
-1.014897 0
-1.015033 0
-1.015218 0
-1.01529 0
-1.015337 0
-1.015384 0
-1.015519 0
-1.015879 1
-1.015967 0
-1.016043 0
-1.016044 0
-1.016202 0
-1.016242 0
-1.016331 0
-1.01639 0
-1.016421 0
-1.016424 0
-1.016989 0
-1.017099 1
-1.017103 0
-1.017143 0
-1.017178 0
-1.017212 0
-1.017249 0
-1.017343 0
-1.017391 0
-1.017435 0
-1.017487 0
-1.017491 0
-1.017561 0
-1.017664 0
-1.017696 1
-1.017785 0
-1.017785 0
-1.017785 0
-1.017785 0
-1.017785 0
-1.017785 0
-1.017785 0
-1.017785 0
-1.017785 0
-1.017785 0
-1.017785 0
-1.017785 0
-1.017785 0
-1.017785 0
-1.017785 0
-1.017946 0
-1.018114 0
-1.018256 0
-1.018327 0
-1.018636 0
-1.018925 0
-1.018926 0
-1.019058 0
-1.019271 0
-1.019286 0
-1.019375 0
-1.019508 0
-1.019703 0
-1.020041 0
-1.020084 0
-1.020109 0
-1.020114 0
-1.020218 0
-1.020315 0
-1.020638 0
-1.020772 0
-1.020783 0
-1.020853 0
-1.020979 0
-1.021021 0
-1.021202 0
-1.02151 0
-1.021546 0
-1.021729 0
-1.021778 0
-1.021893 0
-1.021919 0
-1.022008 0
-1.022145 0
-1.022146 0
-1.022147 0
-1.022162 0
-1.022162 0
-1.022195 0
-1.022251 0
-1.022545 0
-1.022548 0
-1.02258 0
-1.02273 0
-1.022887 0
-1.023082 0
-1.023125 0
-1.02317 0
-1.023245 1
-1.023439 0
-1.023477 0
-1.023745 0
-1.023763 0
-1.023862 0
-1.023956 0
-1.023971 0
-1.024018 0
-1.024022 0
-1.024437 0
-1.024638 0
-1.024659 0
-1.024727 1
-1.02475 0
-1.024845 0
-1.024942 0
-1.025044 0
-1.025451 0
-1.025451 0
-1.025463 0
-1.025682 0
-1.025733 0
-1.025744 0
-1.025851 0
-1.025989 0
-1.026137 0
-1.026325 0
-1.026543 0
-1.026646 0
-1.026709 0
-1.026889 0
-1.027062 0
-1.027091 0
-1.027091 0
-1.027096 0
-1.027145 0
-1.027167 0
-1.027172 0
-1.027279 0
-1.027565 0
-1.027626 0
-1.027726 0
-1.02776 0
-1.02776 0
-1.028043 0
-1.02815 0
-1.028162 0
-1.028183 0
-1.028301 0
-1.028472 0
-1.02862 0
-1.028679 0
-1.028755 0
-1.028769 0
-1.02898 0
-1.029051 0
-1.029054 0
-1.029649 0
-1.02969 0
-1.029694 0
-1.029862 1
-1.029944 0
-1.029991 0
-1.030125 0
-1.030125 0
-1.030211 0
-1.030268 0
-1.030291 0
-1.030317 0
-1.030343 0
-1.030351 0
-1.03048 0
-1.030499 0
-1.030551 0
-1.030594 0
-1.030723 0
-1.030856 0
-1.031063 0
-1.031068 0
-1.031069 0
-1.031203 0
-1.031449 0
-1.031744 0
-1.031994 0
-1.032539 0
-1.032579 0
-1.032806 0
-1.032995 0
-1.033037 0
-1.033137 0
-1.033163 0
-1.033302 0
-1.03348 0
-1.033523 0
-1.033579 0
-1.033597 0
-1.033715 0
-1.033746 0
-1.033824 0
-1.033968 0
-1.033989 0
-1.034043 0
-1.034121 0
-1.034123 0
-1.034294 0
-1.034297 0
-1.034365 0
-1.034416 0
-1.034435 0
-1.034556 0
-1.034579 0
-1.034698 0
-1.034727 0
-1.034786 0
-1.035011 0
-1.035012 0
-1.035265 0
-1.035517 0
-1.035654 0
-1.035896 0
-1.036036 0
-1.03605 0
-1.036076 0
-1.036102 0
-1.036211 0
-1.036569 0
-1.03712 0
-1.037182 0
-1.037417 0
-1.037898 1
-1.03791 0
-1.037955 0
-1.038196 0
-1.038245 0
-1.038366 0
-1.038388 0
-1.038672 0
-1.038835 0
-1.039196 0
-1.039294 0
-1.03937 0
-1.039371 0
-1.039559 0
-1.039662 0
-1.039858 0
-1.039979 0
-1.040183 0
-1.040224 0
-1.040256 0
-1.040306 0
-1.040344 0
-1.040761 0
-1.040794 0
-1.040821 0
-1.040868 0
-1.041049 0
-1.041066 0
-1.041329 0
-1.041352 0
-1.041519 0
-1.041557 0
-1.041563 0
-1.0417 0
-1.041706 0
-1.041739 0
-1.04192 0
-1.042085 0
-1.042206 0
-1.042224 0
-1.042271 0
-1.042275 0
-1.042311 0
-1.042504 0
-1.042785 0
-1.042852 0
-1.042904 0
-1.042904 0
-1.043132 0
-1.043621 0
-1.043624 0
-1.043928 0
-1.043987 0
-1.044031 0
-1.044133 0
-1.044202 1
-1.044239 0
-1.044366 0
-1.044528 0
-1.044771 0
-1.044779 0
-1.045106 0
-1.045196 0
-1.04528 0
-1.045298 0
-1.045314 0
-1.045515 0
-1.045737 0
-1.045871 0
-1.04595 0
-1.046061 0
-1.046192 0
-1.046198 0
-1.04621 0
-1.046241 0
-1.046268 0
-1.046491 0
-1.046567 0
-1.046686 0
-1.046703 0
-1.047064 0
-1.047133 0
-1.047221 0
-1.04723 0
-1.04724 0
-1.047268 0
-1.047317 0
-1.047344 0
-1.047376 0
-1.047391 0
-1.047581 0
-1.047667 0
-1.047751 0
-1.047899 0
-1.047944 0
-1.048057 0
-1.048082 0
-1.048394 0
-1.048948 0
-1.049002 0
-1.049051 0
-1.049085 0
-1.049104 0
-1.049104 0
-1.049104 0
-1.049104 0
-1.049104 0
-1.049104 0
-1.049104 0
-1.049104 0
-1.049104 0
-1.049104 0
-1.049122 0
-1.04918 0
-1.049204 0
-1.049253 0
-1.049333 0
-1.049344 0
-1.049418 0
-1.049503 0
-1.049705 0
-1.050063 0
-1.050084 0
-1.050108 0
-1.05022 0
-1.05024 0
-1.050371 0
-1.050412 0
-1.050457 0
-1.050524 0
-1.050562 0
-1.050724 0
-1.050793 0
-1.051482 0
-1.051601 0
-1.051755 0
-1.051939 0
-1.052008 0
-1.05213 0
-1.052134 0
-1.052143 0
-1.05219 0
-1.052282 0
-1.052384 0
-1.05261 0
-1.052723 0
-1.052732 0
-1.052775 0
-1.053106 0
-1.053197 1
-1.053298 0
-1.053497 0
-1.05354 0
-1.053567 0
-1.053658 0
-1.054006 0
-1.05422 0
-1.054228 0
-1.054458 0
-1.054476 0
-1.054821 0
-1.054891 0
-1.055031 0
-1.055272 0
-1.05566 0
-1.055663 0
-1.055715 0
-1.055814 0
-1.055819 0
-1.055828 1
-1.055913 0
-1.055951 0
-1.055951 0
-1.056034 0
-1.056073 0
-1.056123 0
-1.056176 0
-1.056187 0
-1.056212 0
-1.056217 0
-1.056318 0
-1.056512 0
-1.05656 0
-1.056563 0
-1.056614 0
-1.056783 0
-1.056822 0
-1.056843 0
-1.057076 0
-1.057084 0
-1.057321 0
-1.057437 0
-1.057458 0
-1.05747 0
-1.05752 0
-1.05759 0
-1.057635 0
-1.05775 0
-1.0579 0
-1.05815 0
-1.058215 0
-1.05831 0
-1.058344 0
-1.058614 0
-1.058759 0
-1.058991 0
-1.059018 0
-1.059081 0
-1.059732 0
-1.05985 0
-1.059861 0
-1.059967 0
-1.060077 0
-1.060215 0
-1.060446 0
-1.060617 0
-1.061 0
-1.061021 0
-1.061042 0
-1.061064 0
-1.061272 0
-1.061313 0
-1.061321 0
-1.061366 0
-1.061797 0
-1.061912 0
-1.061929 0
-1.061972 0
-1.062036 0
-1.062044 0
-1.062294 0
-1.062481 0
-1.062602 0
-1.062708 0
-1.062713 0
-1.062797 0
-1.062925 1
-1.063096 0
-1.063454 0
-1.063638 0
-1.063766 0
-1.063887 0
-1.063901 0
-1.064123 0
-1.064226 0
-1.064246 0
-1.064316 0
-1.064352 0
-1.064368 0
-1.064463 0
-1.064468 0
-1.064653 0
-1.064932 0
-1.064935 0
-1.065013 0
-1.065158 0
-1.065359 0
-1.06558 0
-1.065589 0
-1.065606 0
-1.065871 0
-1.065904 0
-1.066058 0
-1.06611 0
-1.066319 0
-1.06637 0
-1.066386 0
-1.066665 0
-1.066784 0
-1.067658 0
-1.067866 0
-1.067986 0
-1.068745 0
-1.06882 0
-1.068956 0
-1.068966 0
-1.069166 0
-1.069454 0
-1.069509 0
-1.069769 0
-1.070193 0
-1.070503 0
-1.070503 0
-1.070503 0
-1.070503 0
-1.070503 0
-1.070503 0
-1.070503 0
-1.070503 0
-1.070503 0
-1.070503 0
-1.070503 0
-1.070503 0
-1.070503 0
-1.070503 0
-1.070503 0
-1.070687 0
-1.07088 0
-1.07093 0
-1.070981 0
-1.070988 0
-1.071092 0
-1.071262 0
-1.071435 0
-1.071435 0
-1.071452 0
-1.071469 0
-1.072044 0
-1.072202 0
-1.072244 0
-1.072256 0
-1.072311 0
-1.072448 0
-1.072492 0
-1.07252 0
-1.072669 0
-1.072894 0
-1.073301 0
-1.073378 0
-1.073685 0
-1.073704 0
-1.073953 0
-1.073976 0
-1.074042 0
-1.074061 0
-1.074197 0
-1.074222 0
-1.074527 0
-1.074558 0
-1.074642 0
-1.07473 0
-1.075154 0
-1.075296 0
-1.075476 0
-1.075707 0
-1.075891 0
-1.076008 0
-1.076098 0
-1.076156 0
-1.07627 0
-1.076422 0
-1.077104 0
-1.07711 0
-1.07718 0
-1.077189 0
-1.077297 0
-1.077667 0
-1.077768 0
-1.078599 0
-1.078634 0
-1.078851 0
-1.078866 0
-1.078924 0
-1.078966 0
-1.079111 0
-1.079129 0
-1.07924 0
-1.079404 0
-1.079538 0
-1.079766 0
-1.079966 0
-1.080149 0
-1.080214 0
-1.080368 0
-1.080583 0
-1.080636 0
-1.080726 0
-1.08105 0
-1.081223 0
-1.081267 0
-1.081656 0
-1.081848 0
-1.081975 0
-1.082211 0
-1.082326 0
-1.082395 0
-1.082888 0
-1.082938 0
-1.083144 0
-1.083399 1
-1.083489 0
-1.08357 0
-1.08357 0
-1.08357 0
-1.08357 0
-1.08357 0
-1.08357 0
-1.08357 0
-1.08357 0
-1.08357 0
-1.08357 0
-1.083865 0
-1.084217 0
-1.084226 0
-1.08424 0
-1.084447 0
-1.084644 0
-1.084729 0
-1.084862 0
-1.08518 0
-1.085716 0
-1.08608 0
-1.086102 0
-1.086202 0
-1.086338 0
-1.086608 0
-1.086635 0
-1.08674 0
-1.086747 0
-1.086961 0
-1.087009 0
-1.087071 0
-1.08732 0
-1.08732 0
-1.087522 0
-1.088152 0
-1.088225 0
-1.088564 0
-1.088567 0
-1.088724 0
-1.088796 0
-1.088801 0
-1.089077 0
-1.089713 0
-1.089713 0
-1.090338 0
-1.09046 0
-1.09098 0
-1.091045 0
-1.091121 0
-1.091189 0
-1.091823 0
-1.09191 0
-1.091974 0
-1.09199 0
-1.092357 0
-1.09287 0
-1.092874 0
-1.093276 0
-1.093652 0
-1.093814 0
-1.094106 0
-1.094224 0
-1.094323 0
-1.094323 0
-1.094344 0
-1.094372 0
-1.094443 0
-1.095231 0
-1.09572 0
-1.095734 0
-1.095989 0
-1.096101 0
-1.096104 0
-1.096104 0
-1.096105 0
-1.096653 0
-1.096672 0
-1.096812 0
-1.097346 0
-1.097398 0
-1.098148 0
-1.098508 0
-1.09877 0
-1.098886 0
-1.098926 0
-1.099014 0
-1.099715 0
-1.099823 0
-1.10025 0
-1.100602 0
-1.101051 0
-1.101182 0
-1.101398 0
-1.101484 0
-1.101552 0
-1.101696 0
-1.10218 0
-1.102435 0
-1.102537 0
-1.10277 0
-1.102772 0
-1.102828 0
-1.103029 0
-1.103459 0
-1.103595 0
-1.104157 0
-1.104338 0
-1.104407 0
-1.104888 0
-1.104965 0
-1.105204 1
-1.105205 0
-1.105211 0
-1.105903 0
-1.10599 0
-1.106092 0
-1.106121 0
-1.106376 1
-1.106633 0
-1.106936 1
-1.107333 0
-1.107487 0
-1.108 0
-1.108076 0
-1.108565 0
-1.108722 0
-1.10881 0
-1.109012 0
-1.109215 1
-1.109509 0
-1.109689 0
-1.109705 0
-1.109795 0
-1.110333 0
-1.110363 0
-1.110562 0
-1.110572 0
-1.110614 0
-1.111236 0
-1.111319 0
-1.111349 0
-1.111539 0
-1.111553 0
-1.111588 0
-1.111889 0
-1.112058 0
-1.112106 0
-1.112307 0
-1.112701 0
-1.112816 0
-1.11292 0
-1.113549 0
-1.113678 0
-1.113777 0
-1.114047 0
-1.114479 0
-1.114559 0
-1.11577 0
-1.115994 0
-1.116092 0
-1.116268 0
-1.116901 0
-1.117112 0
-1.117117 0
-1.117222 0
-1.117255 0
-1.117743 0
-1.117771 0
-1.117985 0
-1.118013 0
-1.119232 0
-1.119232 0
-1.119232 0
-1.119274 0
-1.119296 1
-1.119539 0
-1.119652 0
-1.119683 0
-1.119925 0
-1.120038 0
-1.120413 0
-1.120523 0
-1.120527 0
-1.120826 0
-1.121183 0
-1.121198 0
-1.121354 0
-1.122079 0
-1.122079 0
-1.122079 0
-1.122079 0
-1.122079 0
-1.122079 0
-1.122079 0
-1.122079 0
-1.122079 0
-1.122079 0
-1.122079 0
-1.122079 0
-1.122703 0
-1.124109 0
-1.124195 0
-1.124371 0
-1.125269 0
-1.125323 0
-1.12537 0
-1.125496 0
-1.125521 0
-1.125873 0
-1.125902 0
-1.126001 0
-1.126778 0
-1.126778 0
-1.127608 0
-1.127613 0
-1.127657 0
-1.128016 0
-1.128439 1
-1.128942 0
-1.129322 0
-1.12995 0
-1.130038 0
-1.13016 0
-1.131029 0
-1.131149 0
-1.131211 0
-1.131264 0
-1.131349 0
-1.132105 0
-1.132632 0
-1.133458 0
-1.133465 0
-1.133558 0
-1.133853 0
-1.134003 0
-1.134003 0
-1.13405 0
-1.134131 0
-1.134171 0
-1.134887 0
-1.135135 0
-1.135282 0
-1.136082 0
-1.136148 0
-1.136828 0
-1.137044 0
-1.137592 0
-1.137746 0
-1.137965 0
-1.138353 0
-1.13836 0
-1.138687 0
-1.13874 0
-1.139168 0
-1.139512 0
-1.139574 0
-1.139698 0
-1.139698 0
-1.140581 0
-1.141426 0
-1.141436 0
-1.141534 1
-1.142844 0
-1.143121 0
-1.143689 0
-1.144248 0
-1.144994 0
-1.145213 0
-1.145587 0
-1.146081 0
-1.146192 0
-1.146232 0
-1.146245 0
-1.146707 0
-1.146707 0
-1.146707 0
-1.146707 0
-1.146707 0
-1.146707 0
-1.146707 0
-1.146707 1
-1.147188 0
-1.149303 0
-1.149409 0
-1.150844 0
-1.151163 0
-1.151783 0
-1.152084 0
-1.152829 0
-1.15291 0
-1.152917 0
-1.153346 0
-1.15411 0
-1.154519 0
-1.154533 0
-1.154533 0
-1.154533 0
-1.154533 0
-1.154533 0
-1.154533 0
-1.154533 0
-1.154533 0
-1.154533 0
-1.154533 0
-1.154892 0
-1.156017 0
-1.156504 0
-1.156775 0
-1.15707 0
-1.157527 0
-1.157679 0
-1.158633 0
-1.158633 0
-1.15951 0
-1.16076 0
-1.162474 0
-1.164692 0
-1.16485 0
-1.165662 0
-1.165981 0
-1.166345 1
-1.166583 0
-1.166586 0
-1.16743 0
-1.167655 0
-1.168273 0
-1.168482 0
-1.168726 0
-1.170812 0
-1.170877 1
-1.171082 0
-1.172562 0
-1.172562 0
-1.172562 0
-1.172562 0
-1.172562 0
-1.172562 0
-1.172562 0
-1.172562 0
-1.172562 0
-1.172562 0
-1.173124 0
-1.173335 0
-1.17455 0
-1.17529 0
-1.176024 0
-1.176331 0
-1.177497 0
-1.177677 0
-1.178059 0
-1.178257 0
-1.178324 0
-1.179798 0
-1.179831 0
-1.180333 0
-1.182007 0
-1.183466 0
-1.183555 0
-1.183599 0
-1.184411 0
-1.184653 0
-1.184935 0
-1.185033 0
-1.185933 0
-1.187374 0
-1.188888 0
-1.189181 0
-1.189756 0
-1.190966 0
-1.191047 0
-1.192301 0
-1.192511 0
-1.192892 0
-1.193212 0
-1.193482 0
-1.193482 0
-1.193956 0
-1.194067 0
-1.195516 0
-1.196163 0
-1.197205 0
-1.197305 0
-1.198108 0
-1.198306 0
-1.199336 0
-1.199639 0
-1.200402 0
-1.200504 0
-1.200721 0
-1.200734 0
-1.201159 0
-1.201827 0
-1.202341 0
-1.202465 0
-1.202685 0
-1.20297 0
-1.20342 0
-1.204359 0
-1.204561 0
-1.204616 0
-1.204953 0
-1.205091 0
-1.205231 0
-1.2055 0
-1.206075 0
-1.206201 0
-1.206218 0
-1.207316 0
-1.20785 0
-1.209253 0
-1.209642 0
-1.209866 0
-1.209866 0
-1.209866 0
-1.209866 0
-1.210214 0
-1.210295 0
-1.211077 0
-1.211289 0
-1.214619 0
-1.215525 0
-1.215837 0
-1.216069 0
-1.216582 0
-1.216898 0
-1.217614 0
-1.217785 0
-1.2182 0
-1.219299 0
-1.219606 0
-1.219649 0
-1.219666 0
-1.220127 0
-1.220805 0
-1.22296 0
-1.222973 0
-1.223244 0
-1.225038 0
-1.225805 0
-1.226573 0
-1.226678 0
-1.226939 0
-1.227261 0
-1.227309 0
-1.227726 0
-1.228883 0
-1.228965 0
-1.228998 0
-1.229212 0
-1.230354 0
-1.231269 0
-1.231308 0
-1.23132 0
-1.231708 0
-1.234896 0
-1.235229 0
-1.235473 0
-1.235608 0
-1.236707 0
-1.23686 0
-1.238648 0
-1.239267 0
-1.239534 0
-1.239538 0
-1.239777 0
-1.239777 0
-1.241268 0
-1.241848 0
-1.242076 0
-1.242255 0
-1.242271 0
-1.242577 0
-1.242577 0
-1.242577 0
-1.242577 0
-1.24304 0
-1.24304 0
-1.24304 0
-1.24304 0
-1.243044 0
-1.24413 0
-1.244227 0
-1.244383 0
-1.245394 0
-1.245808 1
-1.246003 0
-1.246132 0
-1.247379 0
-1.247408 0
-1.247676 0
-1.248294 0
-1.248465 0
-1.249875 0
-1.251382 0
-1.251777 0
-1.253483 0
-1.254291 0
-1.254775 0
-1.254981 0
-1.256179 0
-1.256198 0
-1.2564 0
-1.257954 0
-1.258378 1
-1.258605 0
-1.259478 0
-1.259692 0
-1.259692 0
-1.260076 0
-1.260511 0
-1.260515 0
-1.26056 0
-1.26157 0
-1.263462 0
-1.265918 0
-1.266339 0
-1.267601 0
-1.267695 0
-1.269049 0
-1.269529 0
-1.271509 0
-1.271553 0
-1.271682 0
-1.273326 0
-1.273498 0
-1.274038 0
-1.274568 0
-1.274696 0
-1.274929 0
-1.27556 0
-1.276041 0
-1.276122 0
-1.277472 0
-1.277472 0
-1.277472 0
-1.278851 0
-1.278889 0
-1.279359 1
-1.280051 0
-1.280083 0
-1.280123 0
-1.280457 0
-1.281936 0
-1.282431 0
-1.283147 0
-1.28384 0
-1.284022 0
-1.285152 0
-1.285174 0
-1.285208 0
-1.286609 0
-1.286794 0
-1.287084 0
-1.288764 0
-1.289758 0
-1.290328 0
-1.29124 0
-1.291665 0
-1.291688 0
-1.29218 0
-1.293756 0
-1.29439 0
-1.295087 0
-1.295299 0
-1.296921 0
-1.297803 0
-1.29793 0
-1.297963 0
-1.298647 0
-1.298705 0
-1.298732 0
-1.29901 0
-1.299053 0
-1.299678 0
-1.299872 0
-1.299907 0
-1.301023 0
-1.301103 0
-1.301232 0
-1.301548 0
-1.302713 0
-1.302713 0
-1.302755 0
-1.30434 0
-1.304492 0
-1.304711 0
-1.305504 0
-1.306645 0
-1.307131 0
-1.307727 0
-1.30775 0
-1.309384 0
-1.310297 0
-1.310637 0
-1.31094 0
-1.311252 0
-1.311651 0
-1.313273 0
-1.31343 0
-1.313474 0
-1.313712 0
-1.314859 0
-1.316127 0
-1.316375 0
-1.316552 0
-1.316622 0
-1.31703 0
-1.317853 0
-1.318105 0
-1.318142 0
-1.318256 0
-1.318595 0
-1.319265 0
-1.31951 0
-1.319526 0
-1.319993 0
-1.320241 0
-1.320297 0
-1.321077 0
-1.321182 0
-1.321427 0
-1.321751 0
-1.321751 0
-1.322103 0
-1.322448 0
-1.322537 0
-1.322663 0
-1.323917 0
-1.323917 0
-1.323917 0
-1.323917 0
-1.325505 0
-1.325597 0
-1.326343 0
-1.326704 0
-1.327324 0
-1.328174 0
-1.328362 0
-1.328921 0
-1.329846 0
-1.330146 0
-1.332982 0
-1.333648 0
-1.333999 0
-1.334655 0
-1.334733 0
-1.335218 0
-1.335226 0
-1.335428 0
-1.335445 0
-1.335664 0
-1.336936 0
-1.337295 0
-1.337348 0
-1.3384 0
-1.338414 0
-1.338415 0
-1.33857 0
-1.338581 0
-1.339135 1
-1.340928 0
-1.341345 0
-1.341762 0
-1.342056 0
-1.343486 0
-1.34392 0
-1.344902 0
-1.345115 0
-1.345421 0
-1.34627 0
-1.347548 0
-1.347765 0
-1.347908 0
-1.349245 0
-1.34956 0
-1.350366 0
-1.350914 0
-1.351222 0
-1.352138 0
-1.353324 0
-1.353543 0
-1.354097 0
-1.354113 0
-1.354138 0
-1.354175 0
-1.355914 0
-1.356061 0
-1.356114 0
-1.356299 0
-1.356306 0
-1.356515 0
-1.357332 0
-1.358371 0
-1.358411 0
-1.358521 0
-1.359386 0
-1.359386 0
-1.35948 0
-1.360048 0
-1.360063 0
-1.360722 0
-1.361367 0
-1.361641 0
-1.361812 0
-1.361984 0
-1.362068 0
-1.363014 0
-1.363166 0
-1.364095 0
-1.364362 0
-1.364863 0
-1.365015 0
-1.365055 0
-1.365907 0
-1.365907 0
-1.367015 0
-1.36768 0
-1.369164 0
-1.36926 0
-1.37017 0
-1.371552 0
-1.372211 0
-1.3726 0
-1.37273 0
-1.37273 0
-1.37273 0
-1.373472 0
-1.373505 0
-1.373577 0
-1.37363 0
-1.373708 0
-1.37424 0
-1.375041 0
-1.375045 0
-1.375174 0
-1.375793 0
-1.376445 0
-1.376546 0
-1.376865 0
-1.377003 0
-1.377184 0
-1.377334 0
-1.377365 0
-1.377605 0
-1.377658 0
-1.377804 0
-1.378386 0
-1.379009 0
-1.379465 0
-1.379673 0
-1.380165 0
-1.380304 0
-1.380427 0
-1.380704 0
-1.381255 0
-1.38132 0
-1.382093 0
-1.383138 0
-1.383686 0
-1.384031 0
-1.384313 0
-1.384522 0
-1.384647 0
-1.384653 0
-1.384959 0
-1.385039 0
-1.385135 0
-1.385202 0
-1.38596 0
-1.386107 0
-1.38667 0
-1.386763 1
-1.386795 0
-1.386976 0
-1.387662 0
-1.387859 0
-1.388038 0
-1.388086 0
-1.388105 0
-1.388949 0
-1.388951 0
-1.389357 0
-1.38963 0
-1.39047 0
-1.390619 0
-1.390789 0
-1.39084 0
-1.390937 0
-1.391372 0
-1.391792 0
-1.391967 0
-1.392175 0
-1.392251 0
-1.392403 0
-1.392507 0
-1.393141 0
-1.393197 0
-1.393199 0
-1.393702 0
-1.395138 0
-1.395324 0
-1.395586 0
-1.395887 0
-1.395887 0
-1.395887 0
-1.395887 0
-1.395887 0
-1.395887 0
-1.395887 0
-1.395887 0
-1.396502 0
-1.397488 0
-1.398022 0
-1.398125 0
-1.398613 0
-1.398782 0
-1.399081 0
-1.40012 0
-1.400587 0
-1.401285 0
-1.402117 0
-1.402313 0
-1.402661 0
-1.403477 0
-1.40425 0
-1.404521 0
-1.404546 0
-1.404576 0
-1.404704 0
-1.40534 0
-1.405639 0
-1.405738 0
-1.406415 0
-1.406927 0
-1.407723 0
-1.408617 0
-1.409104 0
-1.409166 0
-1.409404 0
-1.409774 0
-1.40979 0
-1.410149 0
-1.410171 0
-1.410356 0
-1.410503 0
-1.410917 0
-1.410928 0
-1.411179 0
-1.411553 0
-1.411904 0
-1.411987 0
-1.412403 0
-1.41259 0
-1.413738 0
-1.414521 0
-1.415074 0
-1.415231 0
-1.415852 0
-1.416541 0
-1.417218 0
-1.417218 0
-1.41791 0
-1.421505 0
-1.422022 1
-1.422079 0
-1.422083 0
-1.422284 0
-1.422511 0
-1.422562 0
-1.422745 0
-1.423114 0
-1.423189 0
-1.423458 0
-1.423724 0
-1.42414 0
-1.424416 0
-1.424462 0
-1.424512 0
-1.424677 0
-1.424781 0
-1.425563 0
-1.426054 0
-1.426372 0
-1.426552 0
-1.426639 0
-1.42709 0
-1.42709 0
-1.427385 0
-1.427417 0
-1.427598 0
-1.428351 0
-1.428591 0
-1.429031 0
-1.429298 0
-1.429941 0
-1.430227 0
-1.430339 0
-1.430701 0
-1.430748 0
-1.431438 0
-1.431687 0
-1.432053 0
-1.433014 0
-1.433525 0
-1.434146 1
-1.434528 0
-1.435118 0
-1.435939 0
-1.436105 0
-1.438837 0
-1.439208 0
-1.439504 0
-1.439715 0
-1.44079 0
-1.441146 0
-1.441827 0
-1.442032 0
-1.442379 0
-1.442554 0
-1.442618 0
-1.443682 0
-1.444364 0
-1.444647 0
-1.445296 0
-1.445452 0
-1.445542 0
-1.445608 0
-1.446107 0
-1.44632 0
-1.446737 0
-1.446896 0
-1.44822 0
-1.448255 0
-1.448553 0
-1.448622 0
-1.449769 0
-1.450046 0
-1.450171 0
-1.450171 0
-1.450171 0
-1.450171 0
-1.450171 0
-1.450171 0
-1.450171 0
-1.450509 0
-1.450707 0
-1.451125 0
-1.452075 0
-1.452251 0
-1.45261 0
-1.452631 0
-1.45268 0
-1.452697 0
-1.452728 0
-1.453382 0
-1.454161 0
-1.454165 0
-1.454165 0
-1.454165 0
-1.454392 0
-1.45519 0
-1.455464 0
-1.455532 0
-1.455612 0
-1.455834 0
-1.456398 0
-1.456462 0
-1.456566 0
-1.456992 0
-1.457379 0
-1.457995 0
-1.458025 0
-1.458106 0
-1.458205 0
-1.458424 0
-1.458465 0
-1.4593 0
-1.459334 0
-1.459654 0
-1.460088 0
-1.460316 0
-1.460724 0
-1.460832 0
-1.461252 0
-1.462552 0
-1.462811 0
-1.462816 0
-1.463834 0
-1.464742 0
-1.464835 0
-1.465019 0
-1.46514 0
-1.465388 0
-1.466226 0
-1.466564 0
-1.467901 0
-1.468261 0
-1.468261 0
-1.46892 0
-1.46892 0
-1.470993 0
-1.471013 0
-1.471803 0
-1.472046 0
-1.472129 0
-1.472129 0
-1.472754 0
-1.472991 0
-1.473321 0
-1.474999 0
-1.476214 0
-1.476655 0
-1.476849 0
-1.477194 0
-1.477801 0
-1.477805 0
-1.477845 0
-1.477966 0
-1.478086 0
-1.478736 0
-1.479934 0
-1.480076 0
-1.48052 0
-1.480596 0
-1.481223 0
-1.482104 0
-1.4831 0
-1.483117 0
-1.483555 0
-1.484043 0
-1.484314 0
-1.484344 0
-1.484357 0
-1.484902 0
-1.485757 0
-1.486734 0
-1.487734 0
-1.490011 0
-1.490153 0
-1.490647 0
-1.491029 0
-1.491029 0
-1.491295 0
-1.491767 0
-1.492531 0
-1.492833 0
-1.492854 0
-1.493739 0
-1.493939 0
-1.494067 0
-1.4943 0
-1.494408 0
-1.494911 0
-1.494913 0
-1.494928 0
-1.494928 0
-1.49515 0
-1.495687 0
-1.497322 0
-1.497403 0
-1.497775 0
-1.499379 0
-1.499868 0
-1.500281 0
-1.500575 0
-1.500903 0
-1.500928 0
-1.501099 0
-1.501596 0
-1.501705 0
-1.50172 0
-1.501735 0
-1.502059 0
-1.502059 0
-1.502059 0
-1.502984 0
-1.50302 0
-1.504811 0
-1.505696 0
-1.505737 0
-1.505943 0
-1.505943 0
-1.506049 0
-1.506364 0
-1.506587 0
-1.506979 0
-1.507035 0
-1.507369 0
-1.508013 0
-1.50816 0
-1.509321 0
-1.509455 0
-1.509472 0
-1.509744 0
-1.511282 0
-1.511913 0
-1.511973 0
-1.51357 0
-1.514127 0
-1.514714 0
-1.5148 1
-1.514889 0
-1.515185 0
-1.51525 0
-1.515393 0
-1.515758 0
-1.515763 0
-1.515907 0
-1.516513 0
-1.516687 0
-1.517196 0
-1.517521 0
-1.518503 0
-1.519073 0
-1.519577 0
-1.52069 0
-1.520891 0
-1.520902 0
-1.521004 0
-1.52103 0
-1.522412 0
-1.522827 0
-1.524493 0
-1.524934 0
-1.525224 0
-1.527064 0
-1.527947 0
-1.5282 0
-1.530179 0
-1.5309 0
-1.530908 0
-1.531045 0
-1.531338 0
-1.531557 0
-1.532325 0
-1.532543 0
-1.5328 0
-1.533636 0
-1.533775 0
-1.535901 0
-1.536359 0
-1.536723 0
-1.537472 0
-1.53774 0
-1.540373 0
-1.540666 0
-1.540757 0
-1.541654 0
-1.541726 0
-1.542444 0
-1.543483 0
-1.54399 0
-1.544256 0
-1.545234 0
-1.546084 0
-1.547003 0
-1.54703 0
-1.548177 0
-1.548566 1
-1.550195 0
-1.550195 0
-1.550195 0
-1.550195 0
-1.551553 0
-1.551602 0
-1.552175 0
-1.552822 0
-1.552935 0
-1.55328 0
-1.553546 0
-1.554529 0
-1.555544 0
-1.55585 0
-1.555991 0
-1.556167 0
-1.556837 0
-1.557595 0
-1.557698 0
-1.558014 0
-1.560232 0
-1.561905 0
-1.563254 0
-1.56426 0
-1.564405 0
-1.564785 0
-1.564983 0
-1.565938 0
-1.566019 0
-1.566026 0
-1.566193 0
-1.566406 0
-1.56656 0
-1.567581 0
-1.567581 0
-1.567813 0
-1.568614 0
-1.568714 0
-1.568876 0
-1.569039 0
-1.569152 0
-1.569754 0
-1.57174 0
-1.572725 0
-1.575208 0
-1.57633 0
-1.577774 0
-1.578155 0
-1.578774 0
-1.579734 0
-1.580096 0
-1.580644 0
-1.581294 0
-1.581359 0
-1.581636 0
-1.582534 0
-1.582642 0
-1.582938 0
-1.582938 0
-1.582938 0
-1.582938 0
-1.582938 0
-1.582938 0
-1.582938 0
-1.582938 0
-1.582938 0
-1.582938 0
-1.582938 0
-1.582938 0
-1.582938 0
-1.582938 0
-1.582938 0
-1.583694 0
-1.586227 0
-1.58657 0
-1.587602 0
-1.58901 0
-1.590451 0
-1.590467 0
-1.590586 0
-1.590586 0
-1.590763 0
-1.593266 0
-1.59362 0
-1.593804 0
-1.594054 0
-1.594532 0
-1.594643 0
-1.595036 0
-1.595262 0
-1.595583 0
-1.596239 0
-1.596241 0
-1.596412 0
-1.597271 0
-1.597317 0
-1.598809 0
-1.599545 0
-1.601327 0
-1.601904 0
-1.605934 0
-1.606028 0
-1.607291 0
-1.60735 0
-1.608007 0
-1.611687 0
-1.612338 0
-1.612631 0
-1.612978 0
-1.613178 0
-1.614774 0
-1.617107 0
-1.6178 0
-1.618685 0
-1.619255 0
-1.619286 0
-1.619982 0
-1.620747 0
-1.622552 0
-1.623559 0
-1.624038 0
-1.624719 0
-1.625124 0
-1.625408 0
-1.626598 0
-1.627552 0
-1.627553 0
-1.628081 0
-1.628126 0
-1.628465 0
-1.629094 0
-1.629371 0
-1.629395 0
-1.630634 0
-1.63095 0
-1.631071 0
-1.631402 0
-1.632817 0
-1.632994 0
-1.632995 0
-1.633232 0
-1.63333 0
-1.633743 0
-1.633998 0
-1.634164 0
-1.634564 0
-1.634837 0
-1.636101 0
-1.636965 0
-1.638035 0
-1.63808 0
-1.639309 0
-1.639469 0
-1.641959 0
-1.64481 0
-1.645474 0
-1.646336 0
-1.648644 0
-1.649158 0
-1.649682 0
-1.652144 0
-1.653154 0
-1.653339 0
-1.65412 0
-1.654471 0
-1.655481 0
-1.655618 0
-1.656008 0
-1.656474 0
-1.656712 0
-1.656976 0
-1.656986 0
-1.657352 0
-1.657435 0
-1.658789 0
-1.65976 0
-1.659877 0
-1.660305 0
-1.660377 0
-1.66155 0
-1.662077 0
-1.662631 0
-1.665554 0
-1.665554 0
-1.665554 0
-1.665554 0
-1.665554 0
-1.665554 0
-1.665554 0
-1.665554 0
-1.665554 0
-1.665554 0
-1.665554 0
-1.665554 0
-1.665747 0
-1.66577 0
-1.666278 0
-1.667321 0
-1.667933 0
-1.669772 0
-1.670372 0
-1.671116 0
-1.671184 0
-1.671965 0
-1.672502 0
-1.673015 0
-1.673288 0
-1.67351 0
-1.673777 0
-1.673827 0
-1.675618 0
-1.677153 0
-1.680651 0
-1.680668 0
-1.681013 0
-1.681057 0
-1.682341 0
-1.682397 0
-1.685495 0
-1.685688 0
-1.686002 0
-1.686073 0
-1.686684 0
-1.688899 0
-1.689385 0
-1.689616 0
-1.690034 0
-1.690764 0
-1.691482 0
-1.693353 0
-1.693765 0
-1.694445 0
-1.695181 0
-1.696061 0
-1.696163 0
-1.696817 0
-1.696834 0
-1.697415 0
-1.69758 0
-1.699921 0
-1.700035 0
-1.700778 0
-1.700849 0
-1.700955 0
-1.703687 0
-1.703775 0
-1.704846 0
-1.705861 0
-1.705953 0
-1.706007 0
-1.706927 0
-1.706995 0
-1.708677 0
-1.710512 0
-1.711273 0
-1.711937 0
-1.712524 0
-1.714166 0
-1.714548 0
-1.715442 0
-1.715659 0
-1.716304 0
-1.716889 0
-1.720244 0
-1.720787 0
-1.720788 0
-1.721463 0
-1.72174 0
-1.72175 0
-1.722265 0
-1.722515 0
-1.723547 0
-1.723653 0
-1.724856 0
-1.726703 0
-1.727301 0
-1.728294 0
-1.72838 0
-1.728685 0
-1.729505 0
-1.730283 0
-1.730366 0
-1.731023 0
-1.734869 0
-1.736394 0
-1.736635 0
-1.737263 0
-1.737826 0
-1.738631 0
-1.739204 0
-1.742083 0
-1.742385 0
-1.742578 0
-1.743299 0
-1.746184 0
-1.746883 0
-1.747572 0
-1.748806 0
-1.750691 0
-1.754115 0
-1.756341 0
-1.760531 0
-1.761448 0
-1.761573 0
-1.762299 0
-1.763511 0
-1.764498 0
-1.764676 0
-1.76806 0
-1.768291 0
-1.76867 0
-1.769506 0
-1.773093 0
-1.773809 0
-1.775922 0
-1.776855 0
-1.77789 0
-1.779563 0
-1.779882 0
-1.780152 0
-1.78149 0
-1.782597 0
-1.78397 0
-1.784274 0
-1.785401 0
-1.785517 0
-1.785537 0
-1.789002 0
-1.789214 0
-1.789276 0
-1.789837 0
-1.791509 0
-1.792336 0
-1.793023 0
-1.793321 0
-1.79364 0
-1.794041 0
-1.794555 0
-1.79459 0
-1.794848 0
-1.7958 0
-1.7958 0
-1.796366 0
-1.796684 0
-1.796779 0
-1.80027 0
-1.801688 0
-1.801955 0
-1.802528 0
-1.802554 0
-1.802879 0
-1.80323 0
-1.809298 0
-1.8098 0
-1.810285 0
-1.810513 0
-1.813375 0
-1.813569 0
-1.814165 0
-1.814915 0
-1.814935 0
-1.817036 0
-1.81713 0
-1.820139 0
-1.820386 0
-1.821944 0
-1.825727 0
-1.826052 0
-1.829952 0
-1.830756 0
-1.832649 0
-1.832852 0
-1.833284 0
-1.834131 0
-1.834252 0
-1.834447 0
-1.836432 0
-1.838719 0
-1.838783 0
-1.839258 0
-1.839767 0
-1.841789 0
-1.844767 0
-1.844767 0
-1.844767 0
-1.844767 0
-1.844767 0
-1.844767 0
-1.844767 0
-1.844767 0
-1.844767 0
-1.844767 0
-1.844767 0
-1.844767 0
-1.846263 0
-1.850258 0
-1.852099 0
-1.852687 0
-1.853965 0
-1.854651 0
-1.856115 0
-1.856771 0
-1.85798 0
-1.864957 0
-1.867702 0
-1.867984 0
-1.868876 0
-1.870076 0
-1.87085 0
-1.871579 0
-1.873214 0
-1.873214 0
-1.873214 0
-1.873214 0
-1.873214 0
-1.873214 0
-1.873214 0
-1.873214 0
-1.873214 0
-1.873214 0
-1.873214 0
-1.873214 0
-1.875056 0
-1.875405 0
-1.876216 0
-1.876511 0
-1.87868 0
-1.879049 0
-1.880314 0
-1.88329 0
-1.883459 0
-1.886482 0
-1.888819 0
-1.888819 0
-1.888896 0
-1.890073 0
-1.890073 0
-1.891147 0
-1.891875 0
-1.892406 0
-1.893069 0
-1.894271 0
-1.894652 0
-1.895466 0
-1.90411 0
-1.90411 0
-1.904641 0
-1.904652 0
-1.907059 0
-1.907796 0
-1.909573 0
-1.910423 0
-1.913342 0
-1.914378 0
-1.916106 0
-1.916185 0
-1.917731 0
-1.919666 0
-1.928212 0
-1.935398 0
-1.935398 0
-1.935398 0
-1.935398 0
-1.935398 0
-1.935398 0
-1.935398 0
-1.935398 0
-1.935398 0
-1.935398 0
-1.935398 0
-1.935398 0
-1.93755 0
-1.94219 0
-1.954103 0
-1.959206 0
-1.959776 0
-1.961451 0
-1.962523 0
-1.97619 0
-1.976329 0
-1.980179 0
-1.983963 0
-1.984097 0
-1.984216 0
-1.988944 0
-1.998869 0
-2.008727 0
-2.009209 0
-2.016072 0
-2.026201 0
-2.032403 0
-2.034366 0
-2.037645 0
-2.038464 0
-2.041881 0
-2.045381 0
-2.067961 0
-2.06928 0
-2.070546 0
-2.074201 0
-2.093702 0
-2.102652 0
-2.112253 0
-2.12152 0
-2.168973 0
-2.168973 0
-2.168973 0
-2.168973 0
-2.168973 0
-2.168973 0
-2.168973 0
-2.175673 0
-2.180379 0
-2.186637 0
-2.191803 0
-2.218574 0
-2.224158 0
-2.227175 0
-2.234971 0
-2.236504 0
-2.248574 0
-2.248574 0
-2.248574 0
-2.248574 0
-2.248825 0
-2.255391 0
-2.266372 0
-2.312845 0
-2.312845 0
-2.312845 0
-2.312845 0
-2.312845 0
-2.312845 0
-2.312845 0
-2.312845 0
-2.312845 0
-2.312845 0
-2.312845 0
-2.312845 0
-2.312845 0
-2.312845 0
-2.312845 0
-2.336425 0
-2.35635 0
-2.360989 0
-2.367059 0
-2.367059 0
-2.367059 0
-2.367059 0
-2.367059 0
-2.367059 0
-2.367059 0
-2.367059 0
-2.372743 0
-2.374057 0
-2.389941 0
-2.398402 0
-2.398402 0
-2.398402 0
-2.398402 0
-2.398402 0
-2.398402 0
-2.398402 0
-2.400477 0
-2.42627 0
-2.428837 0
-2.457029 0
-2.591199 0
-2.83417 0
-2.83417 0
-2.83417 0
-2.83417 0
-2.83417 0
-2.83417 0
-2.83417 0
-2.83417 0
-2.83417 0
-2.83417 0
-2.83417 0
-2.83417 0
-2.83417 0
-2.83417 0
-2.83417 0
-2.938762 0
-2.938762 0
-2.938762 0
-2.938762 0
-2.938762 0
-2.938762 0
-2.938762 0
-2.938762 0
-2.938762 0
-2.938762 0
-2.938762 0
-2.938762 0
-2.938762 0
-2.938762 0
-2.938762 0
--- Writing PR file temp.txt.pr ---
--- Writing standardized PR file temp.txt.spr ---
--- Writing ROC file temp.txt.roc ---
